	Non-User	Non-User	Non-User	Non-User	Non-User	Non-User	Non-User	Non-User	Non-User	Non-User	Non-User	Non-User	Non-User	User	User	Non-User	User	User	Non-User	User	Non-User	User	Non-User	Non-User	User	Non-User	User	Non-User	Non-User	Non-User	Non-User	Non-User	User	User	User	User	User	User	User	User	User	User	User	User	User	User	User	User	User	Non-User
Sample_ID	S100/8123	S101/8118	S102/8145	S103/8150	S104/8162	S105/8151	S106/8079	S107/8192	S108/8103	S109/8446	S110/8096	S111/8449	S112/8459	S113/8451	S114/8452	S115/8234	S116/8209	S117/8026	S118/8490	S119/8130	S120/8477	S121/8264	S122/8134	S123/8176	S124/8224	S125/8210	S126/8135	S127/8112	S128/8202	S129/8204	S130/8507	S131/8274	S132/8297	S133/8222	S134/8546	S135/8381	S136/8391	S137/8574	S138/8047	S139/8583	S140/8013	S141/8080	S142/8621	S143/8071	S144/8417	S145/8371	S146/8430	S147/8369	S148/8242	S149/8312
Unassigned|__|__|__|__|__	0	0	0	0	0	0	0	0	0	0	0	0	0	0	0	0	2.03E-05	0	0	0	0	8.18E-05	0	0	0	0	0	0	3.75E-05	0	0	0	0	0	0	0	0	4.44E-05	0	0	0	0	0	0	0	0	0	4.04E-05	0	0
k__Archaea|p__Euryarchaeota|c__Methanobacteria|o__Methanobacteriales|f__Methanobacteriaceae|g__Methanobrevibacter	0	0	4.47E-05	0	0.000936669	0	0	0	0	0	0	0.000140963	0	0	0.002089023	0	2.03E-05	0	0	0	0.002637368	0	0	0	0	0	0.004396364	0.010658258	0	0	0	0.000139447	0	0	0	0	0	0.000443991	7.10E-05	0.000774378	0.002276943	0.00274372	8.08E-05	0.001688631	0	0.001157798	0.001984529	0.021694915	0	2.70E-05
k__Archaea|p__Euryarchaeota|c__Methanobacteria|o__Methanobacteriales|f__Methanobacteriaceae|g__Methanosphaera	0	0	0	0	0	0	0	0	0	0	0	0	0	0	5.65E-05	0	0	0	0	0	0	0	0	0	0	0	0	0	0	0	0	0	0	0	0	0	0	0	0	4.96E-05	0	0	0	0	0	0	0	9.69E-05	0	0
k__Archaea|p__Euryarchaeota|c__Thermoplasmata|o__E2|f__[Methanomassiliicoccaceae]|g__Methanomassiliicoccus	0	0	0	0	0	0	0	0	0	0	0	0	0	0	0	0	0	0	0	0	0	0	0	0	0	0	0	4.73E-05	0	0	0	0	0	0	0	0	0	0	0	0	0.000200907	0	0	0	0	0	0	0	0	0
k__Archaea|p__Euryarchaeota|c__Thermoplasmata|o__E2|f__[Methanomassiliicoccaceae]|g__vadinCA11	0	0	0	0	0	0	0	0	0	0	0	0	0	0.000683008	0	0	0	0	0	0	0	0	0	0	0	0	0	0	0	0	0	2.61E-05	0	0	0	0	0	0	0	0.001022576	0	0	0	0	0	0	0	0	0	0.000714392
k__Bacteria|__|__|__|__|__	0.000405331	0.000254221	5.37E-05	0.00064506	0.019537104	0.001609989	0.00106947	0.000400116	0.000515719	0.000453973	3.93E-05	0.000855175	0.000664502	0.001442854	0.000910419	0.001767417	0.001479875	0.000256298	0.000278494	0.000576563	0.000490365	0.00132322	0.000942408	0.00083563	0.000563246	0.000300862	0.000309771	0.001639732	0.000580872	0.000687876	0	0.000549072	0.000785955	0.000213034	0.000185798	0.000253978	0.000603284	0.002012757	0.001330589	0.042233386	0.000508964	0.000450462	0.000764324	0.000528287	0.000327936	0.000665734	0.000472507	0.003099274	0.00029184	0.000680694
k__Bacteria|p__|c__|o__|f__|g__	0	0	0	0	0.000102731	0	0	0	0	0	3.28E-05	4.70E-05	0	0	0	0	0	0	0	0	7.95E-05	2.73E-05	0	0	5.01E-05	0	0	7.88E-05	0	0	0	0	0	0	0	0	0	0	0.000124188	0	4.69E-05	0	0.000139636	0	9.37E-05	0	0	0	0	0
k__Bacteria|p__Actinobacteria|c__Actinobacteria|o__Actinomycetales|f__Actinomycetaceae|g__Actinomyces	4.77E-05	8.47E-05	0.000134207	3.91E-05	0.000132947	0	0	5.11E-05	4.88E-05	0	0	0	0	0	0.000119978	9.34E-05	0	0	0	0	0	0	0	0	0	5.23E-05	0	0.000299566	0.000121796	0.000147402	0.000307966	0	0.000228475	0	0.000953761	0	0	0.000902781	0	0	0	0	0.000191081	0	0.000121805	7.72E-05	0	0	8.98E-05	0
k__Bacteria|p__Actinobacteria|c__Actinobacteria|o__Actinomycetales|f__Actinomycetaceae|g__Arcanobacterium	0	0	0	0	0	0	0	0	0	0	0	0	0	0	0	0.000552805	0	0	0	0	0	0	0	0	0	0	0	0	0	0	0	0	0	0	0	0	0	0	0	2.98E-05	0	0	0	0	0	0	0	0	0	0
k__Bacteria|p__Actinobacteria|c__Actinobacteria|o__Actinomycetales|f__Actinomycetaceae|g__Mobiluncus	0	4.24E-05	0	0	0	0	0	0	0	0	0	0	0	0	0	0	0	0	0	0	0	0	0	0	0	0	0	0	0	0	0	0	0	0	0	0	4.08E-05	0.000147997	0	0	0	0	0	0	0	0	0	0	0	0
k__Bacteria|p__Actinobacteria|c__Actinobacteria|o__Actinomycetales|f__Corynebacteriaceae|g__Corynebacterium	0	0.000137703	0	0	0	0	7.53E-05	0	0	0	0	1.88E-05	0	0	7.76E-05	0	6.08E-05	0	0	0	0	0	0	8.73E-05	0	0	0	0	3.75E-05	0.000159686	0.000205311	0	0	0	0.000136252	0	0	0.002086756	0	0	0	3.28E-05	0	0	2.81E-05	0	0	0	0	0
k__Bacteria|p__Actinobacteria|c__Actinobacteria|o__Actinomycetales|f__Micrococcaceae|g__Rothia	0	0	0.000107365	0	0	0	0	2.55E-05	0	9.52E-05	0	1.88E-05	0	0	0.000148208	0	0.000121634	0	0	4.80E-05	0	2.73E-05	0.000942408	0	0	0	0	0	0	0	0	5.23E-05	9.14E-05	4.84E-05	0.000148638	0	0	0.002308751	0	0	0	2.46E-05	0	0	4.68E-05	0	0	0	0	0
k__Bacteria|p__Actinobacteria|c__Actinobacteria|o__Actinomycetales|f__Propionibacteriaceae|g__	0	0	0	0	0	0	0	0	0	0	0	0	0	0	0	0	0	0	0	0	0	0	0	0	0	0	0	0	0.000103058	0	0	0	0	0	7.43E-05	0	0	0	0	0	0	0	0	0	0	0	0	0	0	0
k__Bacteria|p__Actinobacteria|c__Actinobacteria|o__Actinomycetales|f__Propionibacteriaceae|g__Propionibacterium	0	0	0	0	0	0	0	0	0	0	0	0	0	0	0	0	0	0	0	0	0	0	0	0	0	0	0	0	0	0	0	0	0	0	7.43E-05	0	0	0	0	0	0	0	0	0	0	0	0	0	0	0
k__Bacteria|p__Actinobacteria|c__Actinobacteria|o__Bifidobacteriales|f__Bifidobacteriaceae|g__Bifidobacterium	0.053463993	0.017774294	0.000178942	0	0.02284264	0	0.0101675	0	0.000146353	0	0.00093127	0.00018795	0.00019292	0	5.65E-05	0.012122769	0.00013177	0.001867311	0	0	0	0.000600224	0.00617801	9.98E-05	0.021703757	0.001072639	0.014416261	0	0.000159271	0	0.000273748	0.00020917	0.000228475	0.002779123	0.011915821	0	0.01174773	0.001553967	0	0.001876377	0.003114055	0.008558769	0.040714937	0.000669792	0.000674612	8.68E-05	0.000432006	0.001218725	0.000636061	0
k__Bacteria|p__Actinobacteria|c__Actinobacteria|o__Bifidobacteriales|f__Bifidobacteriaceae|g__Gardnerella	0	0	0	0	0	0	0	0	0	0	0	0	0	0	0	0	0	0	0	0	0.000251809	0	0	0.000124721	0	0	0	0	0	0	0	0	0	0	0	0	0	0	0	0	0	0	0	0	0.000384154	0	0	0	0	0
k__Bacteria|p__Actinobacteria|c__Actinobacteria|o__Bifidobacteriales|f__Bifidobacteriaceae|g__Scardovia	0	0	0	0	0	0	9.04E-05	0	0	0	0	0	0	0	0	0	0	0	2.39E-05	0	0	0	0	0	0	0	0	0	0	0	0	0	0	0	0	0	0	0	0	0	4.69E-05	0	0	0	0	0	0	0	0	0
k__Bacteria|p__Actinobacteria|c__Coriobacteriia|o__Coriobacteriales|f__Coriobacteriaceae|__	0.000405331	0.000360147	0.001216806	0.000615739	0	0	0	0	0	0.000424684	0	0.001888902	0	0	0	0.000109004	0	0	0	0	0.001948207	0	0.000628272	0	0	0	0	0	0	0	0	0.000235317	0.000237614	0	0	0	0	0	0	0.000426901	0.000629508	0.000106473	0.000742276	0	0	0.003598823	0	0.005028249	0	0.000970494
k__Bacteria|p__Actinobacteria|c__Coriobacteriia|o__Coriobacteriales|f__Coriobacteriaceae|g__	0.00102525	0.000550812	0.001843104	0.002140428	0.002405124	0.000944636	0	0	0	0.00098849	0.000367261	0.002302394	0.000182202	0.000828147	0.000719866	0.000763026	0.000101361	0.000192223	0	0	0.00213375	0.000163697	0.001361257	0.001060128	0.000463114	0	0.000190628	0.040063067	0.000140534	0.000282521	0.000102655	0.001403185	0.000868206	0	0.015346884	0.000242936	0	0	0.000833836	0.002769891	0.001754586	0.000458652	0.000176382	0.00050942	0	0.000955184	0.000904513	0.014656981	5.24E-05	0.003962852
k__Bacteria|p__Actinobacteria|c__Coriobacteriia|o__Coriobacteriales|f__Coriobacteriaceae|g__Adlercreutzia	0	0	0	0	7.25E-05	0	0	0	0.000125445	0	0.000432844	0	0	0	0.001566768	0.001860849	0.000364901	0	0.000103441	0	0	0.000463809	0	0.002432058	0.000162716	0	0.000416999	0.017374852	0.000393494	0.000749294	0	0	0	0	0.031771395	0	0.000179355	0	0	0.000158847	0.000589326	0.000622456	0	0.001509391	0	0	0.001809026	0.00220339	0	0.000909838
k__Bacteria|p__Actinobacteria|c__Coriobacteriia|o__Coriobacteriales|f__Coriobacteriaceae|g__Atopobium	0	0	4.47E-05	0	0	0	0	3.41E-05	0	0	0	0	3.22E-05	0	0.000105863	0	0	1.83E-05	0	0	0	0	0	0.000124721	0	0	0	4.73E-05	0	7.37E-05	0	2.61E-05	3.66E-05	0	0.000111479	0	0	0.001331972	0	0	0	0	6.61E-05	0	0	0	0	1.61E-05	0	0
k__Bacteria|p__Actinobacteria|c__Coriobacteriia|o__Coriobacteriales|f__Coriobacteriaceae|g__Collinsella	0.010912154	0.011800097	0.006826641	0.001417178	0.004520184	0	0.00716997	0	0.000996592	0.008310635	0.020901102	0	0.002164989	0.000409805	0.004185104	0.001479336	0.043230587	0.002553822	0.00931761	0.000888868	0.01390251	0.011445175	0.001780105	0.017174073	0	0	0.025460784	0.018210485	0	0.009138926	0.001574049	0.004715049	0.002988457	0.002314322	0	0.00341214	0.002184866	0.001524368	0.004719157	0.00181681	0.042384629	0.035422656	0.009024899	0.005726253	0.001986358	0.007380964	0.001296019	0.016658596	0.000725858	0.00310693
k__Bacteria|p__Actinobacteria|c__Coriobacteriia|o__Coriobacteriales|f__Coriobacteriaceae|g__Eggerthella	0	0	9.84E-05	0	0.000296108	0.002718909	0	0	0.000111507	0	9.84E-05	0	0	0	0	0	0.000932524	0	0.00044559	0	0	0.000109132	0	0.001683733	0.000826095	0.000235457	0	0	0.000712037	0.00045449	0	0	0	7.75E-05	0	0	0.000187507	0	0	0	0	0.000876352	0	0.000141505	0	0	0	0	0	0
k__Bacteria|p__Actinobacteria|c__Coriobacteriia|o__Coriobacteriales|f__Coriobacteriaceae|g__Enterococcus	0	0	0	0	0	0	0	0	0	0.000109832	0	0.000253733	0	0	0	0	0	0	0	0	0	0	0	0	0	0	0	0.000583366	0	0	0	0	0	0	0	0	0	0	0	0	6.70E-05	5.73E-05	0	0	0	0	0	0	0	0
k__Bacteria|p__Actinobacteria|c__Coriobacteriia|o__Coriobacteriales|f__Coriobacteriaceae|g__Slackia	0	0.000169481	0	0.000283436	0	0	0.000346448	0	0	0.000915268	0	0.00091156	0	0.000128064	9.88E-05	0	0	0.000585823	0.001655049	0.000144141	0.002875924	0	0	0.000935407	0	0.000706372	0.001143769	0	0	0	0	0	0.000109668	0	0	0	0	0.000192396	0.000975766	0.000258126	0.001714404	0	0.000448305	0	0	0.002971682	0.000162002	0.000411622	0	0.000539163
k__Bacteria|p__Bacteroidetes|__|__|__|__	0	0	0.000196836	0	0.001528886	0	0	0	0	0	0	0	0.000203638	0	0	2.34E-05	7.10E-05	0	0	0	0	0	0	0	0	0	0.001215255	0	0	0	0	0	0	0	0	0.000298148	0	5.92E-05	0	0	0	0	6.61E-05	0	0	0	0	0.001146086	0	0
k__Bacteria|p__Bacteroidetes|c__Bacteroidia|o__Bacteroidales|__|__	1.59E-05	0	0	0.023847688	1.81E-05	0	0	0	0	0	4.59E-05	1.88E-05	0	0.008170479	0	0	0	0	3.98E-05	0	0	0	0.006701571	0	0	0	3.57E-05	0	0	0	0	0	0	0	0	4.42E-05	0	0	3.55E-05	0.000546036	0.000187513	2.46E-05	0	0	0	0	2.70E-05	0.003091203	0	0
k__Bacteria|p__Bacteroidetes|c__Bacteroidia|o__Bacteroidales|f__|g__	0	0	0	0	0	0	0	0	0	0	0	0	0	0.009527956	0	0	0	0	0	0	0.002398813	0	0.006910995	0	0	0	0	0	0	0	0.00044484	0.016437306	0	0	0	0	0	0.002782341	0	0.026646546	0	0	0	0.027650161	0.000515329	0	0	0.063034705	0	0.029188963
k__Bacteria|p__Bacteroidetes|c__Bacteroidia|o__Bacteroidales|f__Bacteroidaceae|__	0	0	0	0	0.00111796	0	0	0	0	0	0	0	0	0	0	0	0	0	0	0	0	0	0	0	0	0	0	0	0	0	0	0	0	0	0	0	0	0	0	0	0	0	0	0	0	0	0	0	0	0
k__Bacteria|p__Bacteroidetes|c__Bacteroidia|o__Bacteroidales|f__Bacteroidaceae|g__Bacteroides	0.288365402	0.109940046	0.043411352	0.072129481	0.245818226	0.588565796	0.334186901	0.594972162	0.464035571	0.200216735	0.260689927	0.185619908	0.212083213	0.003193061	0.149492212	0.268063471	0.152092604	0.29989565	0.105175212	0.025897276	0.078100565	0.222723924	0.039267016	0.269871163	0.246639297	0.172158489	0.041449728	0.097705952	0.071456678	0.646407075	0.06073775	0.00604851	0.02603705	0.560123947	0.038683066	0.152828543	0.371419021	0.224807234	0.115140333	0.00387189	0.235301996	0.33240784	0.225262369	0.098582116	0.560059216	0.060234454	0.16205635	0.026392252	0.526695851	0.005856663
k__Bacteria|p__Bacteroidetes|c__Bacteroidia|o__Bacteroidales|f__Porphyromonadaceae|__	0	0	0	0	0	0	0	0	0	0	0	0	0	0	0	0	0	0	0	0	3.98E-05	0	0	0	0.004831402	0	0	0	0	0	0	0	0	0	0	0	0	0	0	0	0	0	0	0.000188674	0	0	0	0	0	0
k__Bacteria|p__Bacteroidetes|c__Bacteroidia|o__Bacteroidales|f__Porphyromonadaceae|g__Paludibacter	0	0	0	0	3.02E-05	0	0	0	0	0	0	0	0	0	0	0	0	0	0	0	0	0	0	0	0	0	0	0	0	0	0	0	0	0	0	0	0	0	0	0	0	0	0	0	0	0	0	0	0	0
k__Bacteria|p__Bacteroidetes|c__Bacteroidia|o__Bacteroidales|f__Porphyromonadaceae|g__Parabacteroides	0.003202912	0.011376396	0.004285663	0.00222839	0.007046169	0.013241334	0.003012593	0.087727513	0.033953822	0.038009255	0.045409234	0.042627172	0.005594675	0.00205756	0.008652509	0.048623439	0.006030996	0.059937024	0.002307521	0.002738673	0.070413762	0.030856956	0.003769634	0.039000237	0.030402784	0.016861355	0.008947613	0.002822231	0.00223917	0.06360398	0.005406515	0.000923836	0.01500626	0	0.000421141	0.034066189	0.027400499	0.018218414	0.02277969	0.001787026	0.036685574	0.069739633	0.07354411	0.011037423	0.002051945	0.011385016	0.01101616	0.004769976	0.023923373	0.002237528
k__Bacteria|p__Bacteroidetes|c__Bacteroidia|o__Bacteroidales|f__Porphyromonadaceae|g__Porphyromonas	0	0	0	0	2.42E-05	0	0	3.41E-05	0	0.001508362	0	0	0	0	0	0	0	0	0	0	3.98E-05	0	0	0	0	0	0	3.15E-05	0	0	0	0	1.83E-05	0	2.48E-05	0	6.52E-05	0.000369992	0	0	0	0	0.00019843	1.89E-05	0.000281088	0	0	0	0	0
k__Bacteria|p__Bacteroidetes|c__Bacteroidia|o__Bacteroidales|f__Porphyromonadaceae|g__Tannerella	0	0	0	0	1.81E-05	0	0	0	0	0	0	0	0	0	0	0	0	0	0	0	0	0	0	0	0	0	0	0	0	0	0	0	0	0	0	0	0	0	0	0	0	0	0	0	0	0	0	0	0	0
k__Bacteria|p__Bacteroidetes|c__Bacteroidia|o__Bacteroidales|f__Prevotellaceae|g__	0	0	0	0.005287541	0	0	0	0	0	0	0	0	0	0	0	1.56E-05	0	0	0	0	0	0	0.001465969	0	0	0	0	0	0	0	0	0	0	0	0	0	0	0	0	0.00186645	0	0	0	0	0	0	0	0.006577885	0	0.000370675
k__Bacteria|p__Bacteroidetes|c__Bacteroidia|o__Bacteroidales|f__Prevotellaceae|g__Prevotella	0.000111267	0.184829354	0.229251664	0.189901873	0.000368625	0.00101035	0.000376574	0.000587404	0	0.139970126	0.004492392	0.021680089	0.152310215	0.419964313	0.453614505	0.202824753	0.000577759	0.1421994	0.460764187	0.525873252	0.070334243	0.111791668	0.141361257	0.003529603	0	0.277093934	0.168372392	0.001734332	0.014793509	0.013278467	0.455344922	0.407385457	0.361575931	0.000435751	0.002576394	0.329277046	0.024881381	0.091536059	0.380637264	0.055040407	0.102984805	0.005495631	0.002094541	0.139430016	0.001433551	0.142158329	0.228072307	0.021436642	8.98E-05	0.306885118
k__Bacteria|p__Bacteroidetes|c__Bacteroidia|o__Bacteroidales|f__Rikenellaceae|__	0	0.004056946	0.000232625	0	0.001021271	0	0	0	0	0.010939285	0	9.40E-05	0.010557002	0	0.003429951	0.010184061	0	0.003423404	0	0.001249219	0.007898852	0.000559299	0.001884817	0.008568328	0	0	0.003395566	0	0.006483286	0	0	0.000575219	0.010500727	0.008240535	0	0.001722634	0	0.001642765	0.002909555	0	0.000220997	0.018280547	0	0.001933908	0.001480399	0.004698731	0.010543653	0.011331719	0	0
k__Bacteria|p__Bacteroidetes|c__Bacteroidia|o__Bacteroidales|f__Rikenellaceae|g__	0.001986918	0.001398216	0.000250519	0.000664608	0.032535654	0	0	0	0	0.005037636	0	0	0.000235791	0.000204902	0.024673061	0	0.29441398	0.003817004	4.77E-05	0.00216211	0.010894055	0	0.003246073	0	0.044859439	0	0.006123932	0.0001892	0.002351596	0	0.001026554	9.59E-05	0.003299184	0	7.43E-05	0.000209808	0	0.003196732	0.006865841	0.00052618	0.001727798	0.008673432	0.124298145	0.002245219	0.000637134	0.005846881	0.002673039	5.65E-05	0.000157144	0.000175228
k__Bacteria|p__Bacteroidetes|c__Bacteroidia|o__Bacteroidales|f__Rikenellaceae|g__AF12	0	0	0	0	0	0	0	0	0	0	0	0	0	0	0	0	0	0	0	0	0	0	0	0	0	0	0	0	0	0	0	0	0	0	0	0	0	0	0	0	0	0	0	0	0	0	0	0.000355125	0	0
k__Bacteria|p__Bacteroidetes|c__Bacteroidia|o__Bacteroidales|f__Rikenellaceae|g__Alistipes	0.10769891	0.006588564	0.006898218	0.002814809	0.025211506	0.000287498	0.003087907	0.005797422	0.006906453	0.011466479	0.04613064	0.00197348	0.035958115	0	0.007092799	0.04012115	0.037027276	0.003258641	0.002395048	0.000336328	0.059970313	0.004569885	0.012041885	0.147632173	0.076614014	0.026096511	0.005385248	0.001876232	0.03645443	0.001240634	0.016048453	0.001211445	0.0024127	0.011203641	0.001585473	0.008679424	0.02815868	0.059627936	0.015275166	0.000138991	0.02764477	0.074162346	0.052613399	0.017744781	0.062101791	0.025973274	0.011866672	0.004697337	0	7.41E-05
k__Bacteria|p__Bacteroidetes|c__Bacteroidia|o__Bacteroidales|f__S24-7|g__	0	0.002605767	0.000107365	0.052846085	9.67E-05	8.21E-05	0.000120504	9.36E-05	6.97E-05	0.007314823	7.21E-05	0.008476567	0	0.007461858	0	5.45E-05	7.10E-05	0.007322789	0	0	0.000119278	0	0.009319372	0	0	0	0	9.46E-05	0.001958102	4.91E-05	0.000992335	0.003329295	7.31E-05	0	7.43E-05	0	8.97E-05	0.000251595	0	0.000407045	8.04E-05	0	9.55E-05	0.052366442	2.81E-05	0.001572676	0.008545624	0.005964487	0.000104763	0.007629163
k__Bacteria|p__Bacteroidetes|c__Bacteroidia|o__Bacteroidales|f__[Barnesiellaceae]|__	0	0	0	0	0.057372492	0	0	0	0	0	0	0	0	0	0.002815947	0	0	0	0	0	0	0	0	0	0	0	0	0.000457233	0	0	0	0	0.005273211	0	0	0	0	0	0	0	0.024818682	0	0	0	0	0	0.00067501	0.000121065	0	0
k__Bacteria|p__Bacteroidetes|c__Bacteroidia|o__Bacteroidales|f__[Barnesiellaceae]|g__	3.97E-05	0.000148296	0.000152101	0.000596192	0	0.04436504	0	0	0	0	0	1.88E-05	0.004973045	0	0.000733981	0	0	0	0	0	0	0.005852181	0.001465969	0	0	0	0.00315728	0	0	0	0.002087325	0	0	0	0.000111479	5.52E-05	0.002095188	0.004602702	0	0	0	0	0	0	0	0	0	2.42E-05	0	1.35E-05
k__Bacteria|p__Bacteroidetes|c__Bacteroidia|o__Bacteroidales|f__[Odoribacteraceae]|g__Butyricimonas	0.001923337	0.00228799	0.001377854	0.006528793	0.006296833	0	0	0	4.18E-05	0.005908971	0	0.000498069	0.001939916	0.000324429	0.004467405	0.005403469	0.000101361	0.007029877	0.000103441	0.000216211	0.002981949	0	0	0	2.50E-05	0	0.001215255	0.001371699	0.022344851	0.000110552	0.003558719	0.00030504	0.002028861	0.008715019	0	0.006614472	0	0.008776214	0.003885321	0.001777098	0.017190922	0.017297722	0	0.004754582	0	0.030855323	0.011299664	0.002082324	0	0.001395086
k__Bacteria|p__Bacteroidetes|c__Bacteroidia|o__Bacteroidales|f__[Odoribacteraceae]|g__Odoribacter	0.005388522	0.003728577	0.000357884	0.003068924	0.005777133	0	0.000135567	3.41E-05	0.013415663	0.004473831	0.004833421	0.000516864	0.004705101	0.001579455	6.35E-05	0.005193248	0.006193174	0.003926845	9.55E-05	0.000792774	0.003856654	0	0.000628272	0.013357612	0.006320875	0.005742541	0.004980163	0.016460386	0.002613926	0.000110552	0.001163427	0.002597199	0.001306879	0.015057616	0.000123865	0.0066476	0.007753012	0.004173512	0.005712664	0.000615531	0.00702504	0.01448029	0	0.004056489	0.00942583	0.009329924	0.003645053	0.000936239	0	0.001907291
k__Bacteria|p__Bacteroidetes|c__Bacteroidia|o__Bacteroidales|f__[Paraprevotellaceae]|g__	0	0	0	0.000195473	0	0	0	0	0	0.004268811	0	0	0	0.001835583	0	0	0	0	0.001066234	0	0.006467517	0	0.023455497	0	0	0.003505697	0.001763311	0	0.002332859	0	0.000205311	0	0.004222224	0	0	0	0	0.000192396	0	0.005371006	0	0	0	0.001160345	0	0.003367263	0.002700039	0.017352704	0	2.02E-05
k__Bacteria|p__Bacteroidetes|c__Bacteroidia|o__Bacteroidales|f__[Paraprevotellaceae]|g__CF231	0	0	0	0.004231987	0	0	0	0	0	0	0	0	0	0.001861196	0	0	0	0	0	0	0	0	0.002408377	0	0	0	0	0	0	0	0	0.003189848	0	0	0	0	0	0	0	0.002382702	0	0	0	0	0	0	0	0	0	0.002190352
k__Bacteria|p__Bacteroidetes|c__Bacteroidia|o__Bacteroidales|f__[Paraprevotellaceae]|g__Paraprevotella	0	0	0.00361463	0	0	0	0.013481352	0.081351199	0	0.008244735	0.001016527	0.001212281	0.020288737	0	0	0	0	0	0	0	0.000821693	0	0	0	0	0	0	0	0.000955629	0	0.000581714	0.00402653	0	0	0	0.012036352	0.007247558	0.006778256	0.002128943	0	0	0	0	0.003839514	6.56E-05	0.00792127	0	0.002671509	0	0.00162423
k__Bacteria|p__Bacteroidetes|c__Bacteroidia|o__Bacteroidales|f__[Paraprevotellaceae]|g__YRC22	0	0	0	0	0	0	0	0	0	0	0	0	0	0.001331865	0	0	0	0	0	0	0	0	0	0	0	0	0	0	0	0	0	0	0	0	0	0	0	0	0	0	0	0	0	0	0	0	0	0	0	0
k__Bacteria|p__Bacteroidetes|c__Bacteroidia|o__Bacteroidales|f__[Paraprevotellaceae]|g__[Prevotella]	0	0	0.024157183	0.047382619	4.23E-05	7.39E-05	0	0	0	0.028241514	0.00070829	0.002377574	0	0.058337389	2.12E-05	0	0	0.047927651	0.1024778	0	0.038937631	0.050118681	0.010575916	0	0	0	0.011401952	0.000110367	0	0	0.076751985	0.050941702	0.064457462	0	0.000235344	0	0	0.029614172	0	0.007803348	6.70E-05	0	0	0.044045923	0	0	0	0.02716707	0	0.046010864
k__Bacteria|p__Bacteroidetes|c__Flavobacteriia|o__Flavobacteriales|f__Flavobacteriaceae|g__Capnocytophaga	3.18E-05	0	5.37E-05	0	0	0	0	0	0	0	0	0	0	0	0	3.11E-05	0	3.66E-05	1.59E-05	0	0	0	0	0	0	0	0	0	0	0	0.000376403	0	0	0	7.43E-05	0	0	0.002057156	0	0	0	0	0	0	0	0	0	0	0	0
k__Bacteria|p__Bacteroidetes|c__Flavobacteriia|o__Flavobacteriales|f__[Weeksellaceae]|g__	0	0	0	0	0	0	0	0	0	0	0	0	0	0	0	0	0	0	0	0	0	0	0.000418848	0	0	0	0	0	0	0	0	0	0	0	0	0	0	0	0	0	0	0	0	0	0	0	0	0	0	0
k__Bacteria|p__Bacteroidetes|c__Sphingobacteriia|o__Sphingobacteriales|f__Sphingobacteriaceae|g__Pedobacter	0	0	1.79E-05	0	0	0	0	0	0	0	0	0	0	0	0	0	0	0	0	0	0	0	0	0	0	0	0	0	0	0	0	0	0	0	0	0	0	0	0	0	0	0	0	0	0	0	0	0	0	0
k__Bacteria|p__Cyanobacteria|c__4C0d-2|o__YS2|f__|g__	0	0.000137703	0	0	0	3.29E-05	0	0	0	0	0	0	0.00038584	0.004413937	0	0	3.04E-05	0	0	0	0	0	0.008062827	0.000124721	0	0	0	0.0001419	2.81E-05	9.83E-05	0.000855461	0.030477867	0	1.94E-05	0.000260117	0	0	0.006053072	0.00223539	1.99E-05	0	0	0	9.43E-05	8.43E-05	0	0	0.001428571	0	0
k__Bacteria|p__Cyanobacteria|c__Chloroplast|o__Streptophyta|f__|g__	0	0	0	0	0	0	0	0	0	0.000241631	0	0	0	0	0	0	0	0	0	0	0	0	0	0	0	0	0	0	0	0	0	0	0	0	0	0	0	0.000118397	0	0	0	0	0	0	0	0	0	0	0	0
k__Bacteria|p__Elusimicrobia|c__Elusimicrobia|o__Elusimicrobiales|f__Elusimicrobiaceae|g__	0	0	0	0	0	0	0	0	0	0	0	0	0	0.005131095	0	0	0	0	0	0	0	0	0	0	0	0	0	0	0	0	0	0	0	0	0	0	0	0	0	0.004934178	0	0	0	0	0	0	0	0	0	0
k__Bacteria|p__Firmicutes|__|__|__|__	0	0	0	0	0	0	0	0	0	0	0	0	0	0	0	0	0	0	0	0	0	0	0	0	0	0	0	0	1.87E-05	0	0	0	0	0	0	0	0	0	0	0	0	0	0	0	0	0	0	1.61E-05	0	0
k__Bacteria|p__Firmicutes|c__Bacilli|o__Bacillales|__|__	0	0	0	0	0	0	0	0	0	0	0	0	0	0	0	0	0	0	0	0	0	0	0	0.000885519	0	0	0	0	0	0	0	0	0	0	0	0	0	0	0	0	0	0	0	0	0	0	0	0	0	0
k__Bacteria|p__Firmicutes|c__Bacilli|o__Bacillales|f__Bacillaceae|g__Bacillus	0	0	0	0	0	0	0	0	0	0	0	0	0	0	0	0	0	0	0	0	0	0	0	0.002369698	0	0	0	0	0	0	0	0	0	0	0	0	0	0	0	0	0	0	0	0	0	0	0	0	0	0
k__Bacteria|p__Firmicutes|c__Bacilli|o__Bacillales|f__Staphylococcaceae|g__Staphylococcus	0	0	0	0	0	0	0	0	0	0	0	0	0	0	0	0	0	0	0	0	0	0	0	0	0	0	0	0	0	0	0	0	0	0	0	0	0	0	0	0	0	0	0.000139636	0	0	0	0	0	0	0
k__Bacteria|p__Firmicutes|c__Bacilli|o__Gemellales|f__Gemellaceae|__	0	0.000434294	0.000152101	2.93E-05	4.83E-05	0	0	0.000127697	4.88E-05	9.52E-05	0	7.52E-05	6.43E-05	7.68E-05	0.000232898	0	0.000172314	6.41E-05	6.37E-05	0	0.000159037	0	0.001361257	0.000112249	0	0	5.96E-05	9.46E-05	0	0.000196536	0.002189981	0	0	0	0.000346822	0	0	0.006556261	7.10E-05	0	0	2.46E-05	7.35E-05	0	0.000149914	0.000106132	0	0	0	0
k__Bacteria|p__Firmicutes|c__Bacilli|o__Gemellales|f__Gemellaceae|g__	0	0	0	0	0	0	0	0	0	0	0	0	0	0	0	0	0	0	0	0	0	0	0	0	0	0	0	0	0	0	0	0	0	0	0	0	0	0	0	0	0	0	0	0	0	0	0	0	4.49E-05	0
k__Bacteria|p__Firmicutes|c__Bacilli|o__Lactobacillales|f__Aerococcaceae|g__Abiotrophia	0	0	0	0	0	0	0	5.96E-05	0	0	0	0	0	0	0	0	0	0	0	0	0	0	0.00052356	0	0	0	0	0	0	0	0	0	0	0	0	0	0	0	0	0	0	0	0	0	0	0	0	0	0	0
k__Bacteria|p__Firmicutes|c__Bacilli|o__Lactobacillales|f__Carnobacteriaceae|__	0	0.000222443	0.000241572	0	0	0	0	0	0	0	0	0	8.57E-05	0	0.000127035	0	0	0	0	0	0	8.18E-05	0	0.000112249	0	0	0	0.000362633	0	0	0.000923898	0.000104585	0	0	0.00081751	0	0	0.002619544	0	0	3.35E-05	0	0.000169033	0	0	0	0	0	0	0
k__Bacteria|p__Firmicutes|c__Bacilli|o__Lactobacillales|f__Enterococcaceae|g__Enterococcus	0	0	0	0	0	0	0.000933904	0.000119183	0	0	0	0	0	0	0	0	0	0	0	0	0	0	0	0	0	0.001935982	0	0	0	0	0	0	0.000639731	0	0.018914199	0	0	0	0	0.000148919	0	0	0	0	0	0.000733272	0	0	0	0
k__Bacteria|p__Firmicutes|c__Bacilli|o__Lactobacillales|f__Lactobacillaceae|__	0	0	0	0	0	0	0	0	0	0	0	0	0	0	0	0	0	0	0	0	3.98E-05	0	0	0	0	0	0	0	0	0	0	0	0	0	0	0	0	0	0	0	0	0	0	0	0	0	0	0	0	0
k__Bacteria|p__Firmicutes|c__Bacilli|o__Lactobacillales|f__Lactobacillaceae|g__Lactobacillus	0.00321086	0	0.000429461	0	0	0	0.003283726	0.000212828	0	3.66E-05	0.009266789	0.000535659	0	0	0	0	0	0.000448521	0.000238709	0	0	8.18E-05	0	3.74E-05	0	0.000497076	0.001036541	0	0	0	0	0.00019174	0.001160655	0.000329234	0.000421141	0	0	0	0	0	0.000395117	0.000204755	0.004975453	0	0	0.001061315	0.003969058	0	0	0.00058634
k__Bacteria|p__Firmicutes|c__Bacilli|o__Lactobacillales|f__Lactobacillaceae|g__Pediococcus	0	0	0	0	0	0	0	0	0	0	0	0	0	0	0	0	0	0	0	0	0	0	0	0	0	0	0	0	0	0	0	0	0	0	0	0	0	0	0	0	0	0	0	0	0	0.023908534	0	0	0	0
k__Bacteria|p__Firmicutes|c__Bacilli|o__Lactobacillales|f__Leuconostocaceae|__	0	0	0	0	0	0	0.00066277	0	0	0	0	0	0	0	0	0.000280295	0	0	0	0	0	0	0	0	0	0	0.006374132	0	0	0	0	0	0	0	0	0	0	0	0	0	0	0	0	0	0	0	0	0	0	0
k__Bacteria|p__Firmicutes|c__Bacilli|o__Lactobacillales|f__Leuconostocaceae|g__Leuconostoc	1.59E-05	0	0	0	0	0	0	0	0	0	0	0	0	0	0	0	0	0	0	0	0	0	0	6.24E-05	0	0	0.000333599	3.15E-05	0	0	0	0	0	0	0.001040467	0	0	0	0	0	0	0	0	0	0	0	0	0	0	0
k__Bacteria|p__Firmicutes|c__Bacilli|o__Lactobacillales|f__Leuconostocaceae|g__Weissella	0	0	0	0	0	0	0	0	0	0	0	0	0	0	0	0	0	0	0	0	0	0	0	0	0	0	2.38E-05	0	0	0	0	0	0	0	0	0	0	0	0	0	0	0	0	0	0	0	0	0	0	5.39E-05
k__Bacteria|p__Firmicutes|c__Bacilli|o__Lactobacillales|f__Streptococcaceae|__	0	0	0	0	0	0	0	0	0	0	0	0	0	0	0	0	0	0	0	0	0	0	0	0	0	0	0	0	0	0	0	0	0	0	0	0	0	0.000103598	0	0	0	0	0	0	0	0	0	0	0	0
k__Bacteria|p__Firmicutes|c__Bacilli|o__Lactobacillales|f__Streptococcaceae|g__Lactococcus	0	0	0	9.77E-05	0	0	0	0	0	0	0	0	0	3.42E-05	0	0	4.05E-05	0	0	0	0	0	0	0.000137193	0	0	0.003645765	0	0	0	0	0	0	0	0	0	0	0	0	0	0.000167422	0	8.08E-05	5.66E-05	0	0	0	0	0	0
k__Bacteria|p__Firmicutes|c__Bacilli|o__Lactobacillales|f__Streptococcaceae|g__Streptococcus	0.001287523	0.001896066	0.001449431	0.000156378	0.000296108	0.000312141	0.007245285	0.001464253	0.000383305	0.00133263	0.00587618	0	0.000300098	0.00017929	0.004149817	0.000280295	0.000516943	0.005244947	0.003548808	0.000264258	0	0.001541484	0.007958115	0.003005775	0.000725962	0.006134969	0.023292388	0.002696098	0.000374756	0.001093232	0.008109773	0.001446762	0.023432431	0.000900552	0.009636704	0.000187723	0.000244575	0.038449585	0.003246638	0	0.003649806	0	0.006195432	0.000122638	0.001236789	0.00091659	0.004212061	0	0.002312268	0.000107833
k__Bacteria|p__Firmicutes|c__Bacilli|o__Turicibacterales|f__Turicibacteraceae|g__Turicibacter	0	0.000201258	0	0	8.46E-05	0	0	0	0.000195137	0.000117154	0.000203305	0	8.57E-05	0	0.002512474	7.79E-05	0	0.000219684	0.001010535	0	0	0	0	0	8.76E-05	0.000117729	0	0.000473	0	0	0	0.000217886	3.66E-05	0	0	0	6.52E-05	0	0.00044353	0	0.00713219	0	0.000492401	0	0.000374784	0.002045444	0.000162002	7.26E-05	0	0
k__Bacteria|p__Firmicutes|c__Clostridia|__|__|__	6.36E-05	6.36E-05	3.58E-05	8.80E-05	0.001045444	0	0	0	0	8.05E-05	0.000229538	3.76E-05	0.000364404	0	0.000119978	2.34E-05	0.004186221	4.58E-05	0	0	0.001391576	0	0	0.00101024	0.000312915	0	0.000321685	0.000930233	0.000740144	0	0	7.84E-05	0	0	0	3.31E-05	0	0.000503189	0	0.000218414	0.000308057	0.00115482	4.41E-05	0	6.56E-05	0.000279801	0.000175503	0.000258273	0	0
k__Bacteria|p__Firmicutes|c__Clostridia|o__Clostridiales|__|__	0.009894852	0.016100672	0.001252595	0.008092576	0.005142615	0.006965665	0	1.70E-05	0.013575954	0.010778198	0.008958552	0.019048783	0.011564473	0.010142663	0.005949482	0.008852658	0.021265597	0.002572129	0.001734619	0.005837698	0.034246031	0.017324639	0.051204188	0.008880131	0.024257141	0.007469227	0.014857088	0.214741821	0.016020836	0.00213733	0.00485902	0.024873844	0.019329014	0.003185824	0.002155252	0.013648561	0.008755768	0.010759372	0.013767165	0.061543196	0.009851128	0.029886074	0.007959256	0.015622199	0.002323664	0.011220995	0.024786359	0.112792575	0.009735473	0.025488954
k__Bacteria|p__Firmicutes|c__Clostridia|o__Clostridiales|f__|g__	0	0.029373133	0.000420514	0	0.001099831	4.93E-05	0	6.81E-05	6.27E-05	0.0032071	0	0.000253733	0.039173446	0.006095843	0.000218783	0.000147934	0.000476398	8.24E-05	8.75E-05	0.0050209	0.000954224	0	0.040732984	7.48E-05	0.000638346	0	0.094956692	0.010059125	0.016779718	0.000221103	0.003456064	0.008915887	0.012822036	3.87E-05	0.000681258	0	0	0.010966568	0.004151439	0.081538034	0.004292708	0.000131043	0	0.014414686	0.000412263	0.000762217	0.001093516	0.004309927	3.74E-05	0.002318403
k__Bacteria|p__Firmicutes|c__Clostridia|o__Clostridiales|f__Christensenellaceae|__	0	0	0	0	0	0	0	0	0	0	0	0	0	0	0	0	7.10E-05	0	0	0	0	0	0	0	0	0	0	0	0	0	0	0	0	0	0	0	0	0	0	0	0	0	0	0	0	0	0	5.65E-05	0	0
k__Bacteria|p__Firmicutes|c__Clostridia|o__Clostridiales|f__Christensenellaceae|g__	9.54E-05	0.002521026	0.000134207	0.001534462	0.004502055	0.000271069	0	2.55E-05	0	0.00071757	0.00100341	0.000122168	0.052474197	0.002364914	0.000261128	0.000459373	0.028624426	0.000439367	1.59E-05	0.000120117	0.048082275	0.000163697	0.006387435	0.000311802	0.000876161	0	0.010079468	0.020953883	0.00129291	9.83E-05	0.000752806	0.000566503	0.016276583	6.78E-05	0.000136252	0.000364403	0.000913078	0.001539167	0.000674165	0.042422016	0.029700716	0.026298762	0.001146486	0.000584889	0.000384154	0.001495489	0.001053015	0.021468927	0	0.001226597
k__Bacteria|p__Firmicutes|c__Clostridia|o__Clostridiales|f__Christensenellaceae|g__Christensenella	6.36E-05	5.30E-05	9.84E-05	5.86E-05	2.42E-05	0.000229998	0	0	0	4.39E-05	0	0	0	0	0.000105863	8.56E-05	0.001216335	0	0	0	0.00021205	0	0	0.000586188	0	0	5.96E-05	0.001103666	0.000149903	0	0	0	0	3.87E-05	0	0.000143553	5.71E-05	0	0	2.98E-05	0.000127241	0.000139234	0.000338066	0.000122638	2.81E-05	0.000656086	9.45E-05	0.000185634	0	2.02E-05
k__Bacteria|p__Firmicutes|c__Clostridia|o__Clostridiales|f__Clostridiaceae|__	0	0	0	0	0	0	0	0	0	0	0	0	0	0	0	0	0	0	0	0	0	0	0	0	0	0	0	0	0	0	0	0	0	0	0	0	0	0	0	6.95E-05	0	0	0	0	0	0	0	0	0	0
k__Bacteria|p__Firmicutes|c__Clostridia|o__Clostridiales|f__Clostridiaceae|g__	4.77E-05	0	0	0	0	0	0	0	0	0	0	0	0	0	0	0.000218007	0	3.66E-05	0	0	0	0	0.000209424	0	0	0.000170052	0	0	0	0	0	9.59E-05	0	0	0	0	0	0	0	0	0	0	0	0	0	0	0	0	0	0
k__Bacteria|p__Firmicutes|c__Clostridia|o__Clostridiales|f__Clostridiaceae|g__Clostridium	0	0.000243629	0	0	0.000163162	0	0	5.96E-05	3.48E-05	8.79E-05	0	0	0.000396557	0.002689343	0.000105863	0	0.000192586	0	5.57E-05	0	0.002080738	0	0	0	0	0.000117729	0	0.007457627	0	0	0.000273748	0	0.000402117	8.72E-05	0	0	0	0.003847918	0	0.000248198	0.00040851	0.000614266	0.001124438	0.000132072	0.000524698	0.000877997	0.00071551	0	0	0.000101093
k__Bacteria|p__Firmicutes|c__Clostridia|o__Clostridiales|f__Clostridiaceae|g__SMB53	0	4.24E-05	0	0	0	0	0	0	0	0	0	0	0	0	0.000515198	0.000124576	0	0	0	0	0	0	0	0	0	0.000143891	0.000488485	0	0	0	0	0	0	0	0	0	0	0	0	0	0	0	0.000727577	0	0	0	0	0	0	0
k__Bacteria|p__Firmicutes|c__Clostridia|o__Clostridiales|f__Dehalobacteriaceae|g__Dehalobacterium	0	0	0	0	4.23E-05	0	0	0	0	0.000153765	7.87E-05	0	0	8.54E-05	0	0	0.000516943	0	0	0	0.000410846	0.000436526	0.000209424	0	0.000312915	0	0.000536142	0	0.000524659	0	0	3.49E-05	4.57E-05	0	0	0	0	0	7.10E-05	0.000129063	0.000254482	0.000139234	0.000191081	0.000207541	0	0	0.000351005	0.000371267	0	0.00015501
k__Bacteria|p__Firmicutes|c__Clostridia|o__Clostridiales|f__EtOH8|g__	0	6.36E-05	0	0	0	0	0	0	0	0	0	0	0	0	0	0	0	0	0	0	0	0	0	0	0.00051318	0	0	0	0	0	6.84E-05	0	0	0	0	0	0	0	0	0	0.00010715	0	0	0	0	0	0	0	0	0
k__Bacteria|p__Firmicutes|c__Clostridia|o__Clostridiales|f__Eubacteriaceae|g__Anaerofustis	6.36E-05	0	0	0	0	0	0	0	0	0	4.59E-05	0	0	0	2.82E-05	0	0.000101361	0	0	0	0	0	0	0.000162137	0	0	0	0.000252266	0	0	0	0	0	0	0.000619325	0	0	0	0	0	2.01E-05	0	0	0	0	0	0	0	0	0
k__Bacteria|p__Firmicutes|c__Clostridia|o__Clostridiales|f__Eubacteriaceae|g__Pseudoramibacter_Eubacterium	0	0	1.79E-05	0	0.00013899	0.002776409	6.03E-05	0	0	0	0	0	0	0	2.12E-05	0	0.006882431	0	0	0	0	0	0	0	0	0	0	0.004919196	4.68E-05	7.37E-05	0	0	0	0	0	0	0	0	0	0	0	7.37E-05	5.88E-05	0	0	0	0	4.04E-05	0	0
k__Bacteria|p__Firmicutes|c__Clostridia|o__Clostridiales|f__Lachnospiraceae|__	0.034469056	0.066605936	0.00865185	0.024199539	0.004568528	0.038738295	0.108423209	0.000366063	0.037361749	0.056292651	0.005436779	0.043313191	0.090479406	0.019755996	0.01993747	0.039856427	0.020434434	0.01924978	0.016455011	0.087012925	0.015506136	0.065233405	0.063350785	0.019443994	0.044421358	0.04943294	0.028927835	0.002207331	0.049317943	0.031679155	0.031960033	0.011469509	0.043346341	0.024276169	0.023199931	0.048277918	0.069361334	0.045479436	0.018752439	0.053322876	0.015771181	0.013931546	0.025641591	0.056158788	0.045264598	0.045028704	0.042998123	0.005948345	0.032132301	0.037613393
k__Bacteria|p__Firmicutes|c__Clostridia|o__Clostridiales|f__Lachnospiraceae|g__	0	0.000699108	0	0.000977364	0	0	0.001099596	0	0.000439058	0.001003134	0	0	0	0.000204902	0	0.000350369	0	0	0	0.001249219	2.65E-05	0	0.001570681	0	0	0	0.000738684	0	0	0	0.000205311	0	0.000530063	0.000426068	0	0.000828189	0	0.00047359	0	0.000248198	0	0	0	0.002282954	0	0	0	0	0.001548995	0
k__Bacteria|p__Firmicutes|c__Clostridia|o__Clostridiales|f__Lachnospiraceae|g__Anaerostipes	0.000119215	0.000794441	0.000152101	0	0.000513657	0	0	0	0.001637756	0.000212342	0.000957503	0	0.000600195	0	0.000486968	0.000576162	0	0.001528632	8.75E-05	0	0	0.000641148	0	0.000486412	0.002753649	0	0.000178714	9.46E-05	0	0	0	0	0.000822511	0.001578387	0	0	0.001255483	0	0	0	0.000468782	0.000196565	0	0	0.001339855	0.000212263	0.000972014	0	0	0
k__Bacteria|p__Firmicutes|c__Clostridia|o__Clostridiales|f__Lachnospiraceae|g__Blautia	0.015315165	0.015433341	0.005502469	0.01623402	0.130819434	0.008961722	0.004051937	0.00197504	0.007979706	0.023299066	0.002052728	0.002903835	0.005444627	0.002672267	0.006422336	0.021427014	0.043919843	0.007460091	0.011617174	0.008023831	0.02328571	0.010299293	0.006387435	0.064580501	0.01674719	0.016089578	0.037780134	0.01196689	0.040707915	0.018204152	0.00331919	0.004131115	0.005209238	0.002575772	0.033827555	0.008712552	0.018921916	0.015761666	0.005322357	0.010742013	0.005404392	0.013464704	0.008730929	0.010575172	0.002614122	0.038381012	0.014647712	0.00464891	0.003494593	0.003443907
k__Bacteria|p__Firmicutes|c__Clostridia|o__Clostridiales|f__Lachnospiraceae|g__Butyrivibrio	0	0	0	0	0	0	0	0	0	0	0	0	0	0.002322226	0	0	0	0	0	0	0.030296605	0	0.00513089	0	0	0	0	0	0	0	0	0.000618796	0	0	0	0	0	0	0	0.021881143	0	0	0	0	0	0	0	0	0	0.000417852
k__Bacteria|p__Firmicutes|c__Clostridia|o__Clostridiales|f__Lachnospiraceae|g__Clostridium	0.000611971	0.000942737	0.000304202	0.001397631	8.46E-05	0.066543453	0.001235163	0.014974546	0.000111507	0.001464429	0.000170514	0.005356589	0.004769407	0	0.000430508	0.000576162	0.004642347	0.003222027	0.000198924	0	0.004201235	0.001800671	0	0	0.009850552	0.004983845	0	0	0.000243592	0.009495148	0.002087325	2.61E-05	0.000137085	0.001839837	0.000470687	0.001060082	0.005078998	0.00614187	0.000479012	0	0.000823718	0.027650147	0.000146985	0.000216975	0.001255528	0	0.000513007	0.000451977	0.003621806	0
k__Bacteria|p__Firmicutes|c__Clostridia|o__Clostridiales|f__Lachnospiraceae|g__Coprococcus	0.04975243	0.011418766	0.011398611	0.005404824	0.029628958	0.002702481	0.000948967	0	0.012788437	0.02522479	0.015149528	0.006691038	0.000675219	0.012925919	0.029500399	0.009094023	0.007237196	0.000164763	0.003994398	0.069812137	0.002107244	0.013163997	0.018010471	0.024869355	0.028763111	0.007874737	0.029297178	0.007426094	0.043096987	0.001302051	0.002258418	0.001089429	0.025945659	0.002430522	0.084798038	0.006901578	0.024816161	0.010907369	0.005783628	0.007694141	0.008263965	0.004168817	0.004747626	0.022452195	0.0016959	0.001466544	0.019507783	0.004640839	0.007370824	0.009361226
k__Bacteria|p__Firmicutes|c__Clostridia|o__Clostridiales|f__Lachnospiraceae|g__Dorea	0.008511957	0.005582272	0.003364111	0.001993823	0	0	0.014972585	0	0.000919931	0.00170606	0.003436516	0.028408717	0.00725593	0.001844121	0.006408221	0.008330998	0.000202723	0.001620167	0.001742576	0.003939845	0.003551833	0.015742231	0.003350785	0.010414198	0.000275365	7.85E-05	0.006874531	0.0003784	0.00446897	0.000233387	0.001300301	0.004279277	0.006662341	0.000484168	0.010342735	0.000971742	0.005380639	0.005490684	0.000816095	0.000665171	0.006770558	0.003317035	0.007055296	0.006396045	0.000880744	0.007062569	0.001471521	0.001896691	0.001810903	0.0020623
k__Bacteria|p__Firmicutes|c__Clostridia|o__Clostridiales|f__Lachnospiraceae|g__Lachnoanaerobaculum	0	0	0	0	0	0	0	0	0	0	0	0	0	0	0	0	0	0	0	0	0	0	0	0	0	0	0	0	0	0	0	0	0	0	0	0	0	0.000310793	0	0	0	0	0	0	0	0	0	0	0	0
k__Bacteria|p__Firmicutes|c__Clostridia|o__Clostridiales|f__Lachnospiraceae|g__Lachnobacterium	0.002861162	0.009046035	0.000134207	0.001974276	0	0	0	0	0.013276279	0.000270919	0	0.000272528	0.016880486	0.003193061	0.000261128	0	0.002392126	0	0.000143225	0.004996877	0.000556631	0.00122773	0	0.003292633	0	0.021688228	0.045881834	0	0	0	0.001197646	0.001098144	0.000612314	0.000251767	0.000198184	0.00551022	0	0.001687164	0.001028989	0.002184143	0	8.19E-05	0	0.000235842	0	0	0.011475166	0.000104923	0	0.004562671
k__Bacteria|p__Firmicutes|c__Clostridia|o__Clostridiales|f__Lachnospiraceae|g__Lachnospira	0.005626952	0.00345317	0.000912605	0.001788577	0.000114818	0	0	0	0.006495271	0.020201798	0	0.026604392	0.001521923	0.012294137	0.006492911	0.011359743	0.000293948	0.033529218	0.004503644	0.007231058	0	0.010954083	0.003664921	0.000174609	0.013017248	0.022656219	0.008339985	0.0003311	0	0.000319371	0.004174651	0.000618796	0.012822036	0.012820761	0.000359209	0.002572908	0.036490519	0.016102059	0.00342405	0.009223041	0.001988977	0.00078626	0.002711879	0.023197457	0.004684806	0.022104298	0.001188017	0	0	0.00812115
k__Bacteria|p__Firmicutes|c__Clostridia|o__Clostridiales|f__Lachnospiraceae|g__Lactonifactor	3.18E-05	0	0	0	0	0	0	0	0	0	0	0	0	0	0	0	0	0	0	0	0	0	0	0	0	0	0	0	0	0	0	0	0	0	0	0	0	0	0	0	0	0	0	0	0	0	0	0	0	0
k__Bacteria|p__Firmicutes|c__Clostridia|o__Clostridiales|f__Lachnospiraceae|g__Marvinbryantia	0	0	0	0	0	0	0	0	0	0	0	0	0	0	0	0	0	0	0	0	0	0	0	0	0.002791198	0	0	0	0	0	0	0	0	0	0	0	0	0	0	0	0	0	0	0	0	0	0	0	0	0
k__Bacteria|p__Firmicutes|c__Clostridia|o__Clostridiales|f__Lachnospiraceae|g__Moryella	0	0	0	0	0	0	0	0	0	0.000351463	0	0	0	0	0	0	0	0	0	0	0	0	0	0	0	0	0	0	0	0	0	0	0	0	0	0	0	0.000118397	0	0	0	0	0.000264574	0	0	0	0	0	0	0
k__Bacteria|p__Firmicutes|c__Clostridia|o__Clostridiales|f__Lachnospiraceae|g__Oribacterium	0	0	0	0	0	0	0.00066277	0.000263906	0	0	0	0	0	0.007624073	0	0	0	0	0	0.002426368	0	0	0.002827225	0	0	0	0	0	0	0	0	0.001333461	0	0	0	0	0	0	0	0.002690467	0.008886776	0	0	0	0	0	0	0.002639225	0	0.00516923
k__Bacteria|p__Firmicutes|c__Clostridia|o__Clostridiales|f__Lachnospiraceae|g__Roseburia	0.024526517	0.067230896	0.012302269	0.043004027	0.010853275	0.015023821	0.005603422	0.002783784	0.063440403	0.017023987	0.000623033	0.056544906	0.00658071	0.005839715	0.012315358	0.029999377	0	0.039625439	0.013375664	0.013621294	0.013425398	0.041088042	0.01591623	0.001920702	0.025145818	0.120200924	0.019932565	0.001024832	0.022972568	0	0.013105667	0.005255406	0.027736906	0.022349182	0.004137094	0.026071401	0.036042132	0.037813198	0.009633467	0.002988305	0.00426592	0.000180185	0.01362554	0.014339217	0.012517802	0.054455111	0.010098146	0.002235674	0.004033374	0.032895712
k__Bacteria|p__Firmicutes|c__Clostridia|o__Clostridiales|f__Lachnospiraceae|g__Shuttleworthia	0	0	0	0	0	0	0	0	0	0	0	0	0	0	0	0	0	0	0	0	0.00038434	0	0	0	0	0	0	0	0	0	0	0	0	0	0	0	0	0	0	0	0	0	0	0	5.62E-05	0	0	0	0	0
k__Bacteria|p__Firmicutes|c__Clostridia|o__Clostridiales|f__Lachnospiraceae|g__[Ruminococcus]	0.006834998	0.000529627	0.003140434	0.014464991	0.001142132	0.004066042	0.000677833	0.002264485	0.002327705	0.006721729	0.00669596	0.003401904	0.010621309	0.001451391	0.004347427	0.001409262	0.0246612	0.001244874	0.011633088	0.00069668	0.004718106	0.024977492	0.008272251	0.033188241	0.005069217	0.00341413	0.003383651	0.021631849	0.030139784	0.030192851	0.001710923	0.002109135	0.001370852	0.006449114	0.067023398	0.008867147	0.008625328	0.003966316	0.000408047	0.000426901	0.006716983	0.016920973	0.005195931	0.007348849	0.00919159	0.005152202	0.011556168	0.000637611	0.009204176	0.002628422
k__Bacteria|p__Firmicutes|c__Clostridia|o__Clostridiales|f__Peptococcaceae|g__	0	9.53E-05	0	0.000566871	7.25E-05	3.29E-05	0	0	0	0.000453973	0	0	0.001371874	9.39E-05	0	0	0	0.000265451	0	0	0.000331328	0	0	0	0	0	0	0	0.000721406	0	0	0	0	0.000125884	0	0	0.000146745	0.000443991	0	0	0	0	0.000132287	0	0	0	0	0	0	0
k__Bacteria|p__Firmicutes|c__Clostridia|o__Clostridiales|f__Peptococcaceae|g__Peptococcus	0	0	0	8.80E-05	0	0	0	0	0	0	0	0.000234938	0	0	0	0	0	0	8.75E-05	0	0.00059639	0	0	0	0	0	0	0	0	0	0	0.000383479	0	0	0	0	0	0	0	0.000277982	0.001841645	0	0	0	0	0.002093685	0.001255518	6.46E-05	0	0.000161749
k__Bacteria|p__Firmicutes|c__Clostridia|o__Clostridiales|f__Peptococcaceae|g__rc4-4	0	0	0	0	0	4.11E-05	0	0	0	0	0	0	0	0	0	0	0	0	0	0	0	0	0	0	0.001164042	0	0	0	0	0	0	0	0	0	0	0	0	0	0	0	0	0	0	0.000528287	0	0	0	0	0	0
k__Bacteria|p__Firmicutes|c__Clostridia|o__Clostridiales|f__Peptostreptococcaceae|__	0.000508651	0.000211851	5.37E-05	0	0	0	0	0	0.001651695	0.000776147	0	0	0.000267944	0	0.000853959	0.000373727	5.07E-05	0.000192223	0	0	0.000278315	0	0.00052356	0	0	0.000457834	0.000154885	0	0	0.000171969	0.000650151	0.000392194	0.0003747	0.000474484	0.026990202	0	0	0.001124776	0	0	0.000100453	0	0.001028897	0	6.56E-05	0.001582324	0.000243004	0	0	5.39E-05
k__Bacteria|p__Firmicutes|c__Clostridia|o__Clostridiales|f__Peptostreptococcaceae|g__	0	0	0	0	0	0	0	0	0	0	0	0	0	0	0	0	0	0	0	0	0	0	0	0	0	0	0	0	0	0	0	0	0	0	0	0	6.52E-05	0	0	0	0	0	0	0	0	0	0	0	0	0
k__Bacteria|p__Firmicutes|c__Clostridia|o__Clostridiales|f__Peptostreptococcaceae|g__Peptostreptococcus	0	0	0	2.93E-05	0	0	0	0	0	0.000109832	0	0	0	0	0	0	0	0	0	0	0	5.46E-05	0	4.99E-05	0	0	0	0	0	0	0	0	0	0	0	0	0	0.000118397	0	0	0	0	0	0	0	0	0	0	0	0
k__Bacteria|p__Firmicutes|c__Clostridia|o__Clostridiales|f__Ruminococcaceae|__	0.012557323	0.024267525	0.003650419	0.082049728	0.010255016	0.005142106	0.001205037	0.00011067	0.006864638	0.044525964	0.023485047	0.061986073	0.023321865	0.021506203	0.02697381	0.028527827	0.018103125	0.01200022	0.004424075	0.045524432	0.05782331	0.037309361	0.090157068	0.017797678	0.069980224	0.009706071	0.053554621	0.011903823	0.111396342	0.002321582	0.01170271	0.040125851	0.066340099	0.014728382	0.001535927	0.021058095	0.039205296	0.015480472	0.033903417	0.064769771	0.03003556	0.027175115	0.028897316	0.066545286	0.017961547	0.013768151	0.079489153	0.063607748	0.008074232	0.047028535
k__Bacteria|p__Firmicutes|c__Clostridia|o__Clostridiales|f__Ruminococcaceae|g__	0.014862148	0.021968943	0.000483144	0.034569373	0.002326565	0	0	0	0.001428681	0.000336819	1.97E-05	0.003899973	0.010557002	0.028361892	0.018413048	0.00067738	0.027104007	0.038398872	0.000143225	0.016840436	0.06012935	0.019179876	0.04408377	0.000399107	0.002653516	0.003387968	0.029011235	0.01168309	0.040042722	0.001019531	0.003592937	0.005176967	0.015956718	0	0.000507847	0.009308848	0	0.011203362	0.002554732	0.080723944	0.01715074	0.030303775	0.021908164	0.020546588	0.016096994	0.006223166	0.005562081	0.058022599	4.49E-05	0.015096578
k__Bacteria|p__Firmicutes|c__Clostridia|o__Clostridiales|f__Ruminococcaceae|g__Anaerotruncus	0.000166901	0	0.001467325	0.000136831	0.000145033	0.011220634	0	0	0	0.000490584	0.018271249	0	9.65E-05	0	0.000155265	0	0	0	0.000907094	0	0	0.000245546	0	0	0.010714196	0	0	0	0	0	0	0	0	0	0	0	0	0.000562388	0	0	0.000100453	0.002530775	0.000213129	0.00025471	0.001086875	0	0	0.001711057	0	0
k__Bacteria|p__Firmicutes|c__Clostridia|o__Clostridiales|f__Ruminococcaceae|g__Butyricicoccus	0.000778872	0.000709701	0	0	0	0.000287498	0	0	0	0	0	0	0	0.000102451	0	0	0	0	0	0	0	0.001309579	0	0	0	0	0	0	0	0	0	0.00020917	0	0	0	0	0	0	0	0	0	9.01E-05	0	0.001198079	0	0	0	0	0	0
k__Bacteria|p__Firmicutes|c__Clostridia|o__Clostridiales|f__Ruminococcaceae|g__Clostridium	0	0	0	0	0	0.000353212	0	0	0	0	0	0	0	0	0	0	8.11E-05	5.49E-05	0	0	0	0	0	0	0	0	0	0	0	0	0	0	0	0	0	0	0	0	0	0	8.04E-05	0	0	0.000443384	0	0	0.000148502	0	0	0
k__Bacteria|p__Firmicutes|c__Clostridia|o__Clostridiales|f__Ruminococcaceae|g__Faecalibacterium	0.029334859	0.150498909	0.002424665	0.05532859	0.024637418	0	0.0004067	0	0.075058018	0.07448086	0.000255771	0.048989296	0.024725893	0.013856517	0.00578716	0.069326357	0.002392126	0.032787786	0.04900697	0.05366838	0.027526705	0	0.037591623	0.01173624	0	0.03126349	0.04659669	0.006054395	0.127894993	0.033128608	0.107617027	0.004226985	0.046755193	0.020867629	0.001003307	0.035026889	0.087948998	0.071556483	0.009331867	0.01601374	0.00635535	0.03638091	0.067554458	0.018348537	0.008573195	0.307327898	0.059724866	0.002703793	0.029947244	0.031797167
k__Bacteria|p__Firmicutes|c__Clostridia|o__Clostridiales|f__Ruminococcaceae|g__Gemmiger	0	0.017011631	0.000984182	0.00716408	0.018243897	0	0.002349822	0	0.00506659	0.01624784	5.90E-05	0.00273468	0	0.001835583	0.004665015	0.007887197	0	0.009565393	0.005641491	0.007327151	0.001948207	0.045112269	0.003455497	0.001434291	0	0	0.01215255	0.006275128	6.56E-05	0	0.001745141	0.0014119	0.00889226	0.002420839	0	0.006272154	0.00909002	0.003063535	0.004630451	0.002412485	0.005598602	0.001760895	0.015947908	0.023404998	0.002679709	0.011385016	0.001579523	0.007594835	0	0.003363032
k__Bacteria|p__Firmicutes|c__Clostridia|o__Clostridiales|f__Ruminococcaceae|g__Oscillospira	0.022976721	0.032699193	0.011908596	0.082303843	0.006653372	0.029398719	0.000436826	0.003703199	0.04782945	0.049629499	0.023432581	0.019424684	0.037587216	0.030223087	0.031236547	0.02958672	0.092188086	0.014929335	0.0065088	0.023567001	0.067630609	0.03504488	0.048586387	0.022724155	0.046474078	0.012466153	0.031727688	0.215955853	0.020143157	0.01083405	0.007528059	0.019322114	0.030716224	0.031877602	0.009760569	0.025662828	0.018269717	0.01511048	0.022549054	0.063647916	0.015074704	0.041376938	0.028529853	0.08261087	0.027396747	0.004206667	0.097471413	0.206981437	0.01447974	0.043072423
k__Bacteria|p__Firmicutes|c__Clostridia|o__Clostridiales|f__Ruminococcaceae|g__Ruminococcus	0.018375019	0.051723407	0.00191468	0.004310176	0.002574329	0.049589289	0	0.000289445	0.002494965	0.013275049	0.016598898	0.0839011	0.066235812	0.009220603	0.011778987	0.015828895	0.039733623	0.013428163	0.001344728	0.004228127	0.028109842	0.014800971	0.019267016	0.016363387	0.044621624	0.010190066	0.006671988	0.04829326	0.032360216	0.001756541	0.007254312	0.005734755	0.006973067	0.001433136	0.003381517	0.009408231	0.04598001	0.021459545	0.001969272	0.007108393	0.006904496	0.04261366	0.032153041	0.030678377	0.009800615	0.027825751	0.039677075	0.012962066	0.002866016	0.008255941
k__Bacteria|p__Firmicutes|c__Clostridia|o__Clostridiales|f__Syntrophomonadaceae|g__Syntrophomonas	0	0	0	0	0	0	0	0	0	0	0	0	0	0	0	0	0	0	0	0	0	0	0	0	0	0	0	0	0	0	0	0	3.66E-05	0	0	0	0	0	0	0	0	0	0	0	0	0	0	0	0	0
k__Bacteria|p__Firmicutes|c__Clostridia|o__Clostridiales|f__Veillonellaceae|__	0	0	0	0	0	0	0	0	0	0	0	0	0	0.002919858	0	0	0	0	0	0	0	0	0	0	0	0	0	4.73E-05	0	0	0	0	0	0	0	0	0	0.000443991	0	0	0	0	0	0	0	0	0	0	0	0
k__Bacteria|p__Firmicutes|c__Clostridia|o__Clostridiales|f__Veillonellaceae|g__Acidaminococcus	0.014742933	0.009596848	0.024488226	0.03279057	0.065977762	0	0.067617642	5.96E-05	0.063628571	0.012433002	0.208374869	0	0.002100683	0	0.013070512	0.001596126	0.000141906	0.054618849	0.031764219	0.000408399	0.068333024	0.000927618	0	0.015702366	0.046323879	0.064135937	0	0.000362633	0.035292685	0	0.005030112	0.000252748	0.002147668	0.015929118	0.026915883	0.002860014	0	0.001968358	0.065695632	0.009649941	0.058102235	0	0.095584561	0	0.062317293	0.000955184	0.001849527	0	0.035604445	8.76E-05
k__Bacteria|p__Firmicutes|c__Clostridia|o__Clostridiales|f__Veillonellaceae|g__Anaerovibrio	0	0	0.02422876	0	0	0	0	0	0	0	0	0	0	0.037334904	0	0	0	0	1.59E-05	0	0	0	0.00617801	0	0	0	0	0	0	0	0	0.062332773	0	0	0	0	0	0	0	0.003772611	0	0	0	0	0	0	0	0	0	0
k__Bacteria|p__Firmicutes|c__Clostridia|o__Clostridiales|f__Veillonellaceae|g__Dialister	0.000858349	0.001175773	0.002710973	0.013556042	0.000948755	0.000147856	0	0.002860402	0.001575034	0.012952875	1.31E-05	0.013194125	0.0004823	0.012259987	0.029987367	0	0	0.016604423	0	0.059890453	0.032390596	0.004106076	0.009947644	9.98E-05	0.008035647	0.003845802	0.000536142	0	0.004712562	3.69E-05	0.004037777	0.007076931	0.054431965	0.001345986	0	0	0.015497872	0.001139576	0.002554732	0.014345849	0.01049403	0	0.007709381	0.007462053	0.001321115	0.004197019	0.044280642	0.000330912	0.000778239	0.002931701
k__Bacteria|p__Firmicutes|c__Clostridia|o__Clostridiales|f__Veillonellaceae|g__Megamonas	0	0	0	0	0	0	0	0	0	0	0	0	0	0	0	0	0	0	0	0	0	0	0	0	0	0	0	0	0	0	0	0	0	0	0	0	0	0	0	0	0	0	8.82E-05	0	0	0	0	0	0	0
k__Bacteria|p__Firmicutes|c__Clostridia|o__Clostridiales|f__Veillonellaceae|g__Megasphaera	0	6.36E-05	0.004375134	0.000293209	0.022558617	0	0.297493523	0.002383668	0	0.000519872	0.028823452	0.001550592	0.000407275	0.00205756	3.53E-05	0.00441465	0.003172608	0.023231547	0.001368599	0	0.014167572	0.002605517	0	0.000436523	0.015695797	0.009810719	0.006993674	0	0	0	0.003661374	0.008506262	0.003354018	0.076362932	0.023608685	0	0.030865305	0.001272773	0.079888585	0.010652662	0.006509379	3.28E-05	0.017792574	0	0.00942583	0	0	0	0.008223893	0
k__Bacteria|p__Firmicutes|c__Clostridia|o__Clostridiales|f__Veillonellaceae|g__Mitsuokella	0	0	0.00033999	0.015745338	0	0	0	0	0	0	0	0	0	0.000597632	0.020410324	0	0.000101361	0	0	0	0	0	0	0	0	0	0	0	0.002960576	0	0.013653162	0.000339902	0.007731605	0	8.67E-05	0	0	0	0	0.006204952	0.009824341	0	0.002182732	0.001009405	0	0	0	0	0	0
k__Bacteria|p__Firmicutes|c__Clostridia|o__Clostridiales|f__Veillonellaceae|g__Phascolarctobacterium	0.060632794	0.040198716	0.042731372	0.055963877	0.048235436	0.078026943	0.019295656	0	0	0.027692353	0.013824764	0.010045954	0.046247173	0.012003859	0	0.044886169	3.04E-05	0.028943322	0.074509055	0	0.000437353	0.100687529	0.037591623	0.00583694	0.014469172	0.075293995	0.063074119	0.001466299	0.091412457	0.075604963	0.036237339	0.072930738	0	0	0.000198184	0.140626553	0	0.009013009	0.065429514	0	4.02E-05	0.036110633	0.005850016	0.099638689	0.041010794	0.033479666	0	0.059233253	0.053212108	0.050034372
k__Bacteria|p__Firmicutes|c__Clostridia|o__Clostridiales|f__Veillonellaceae|g__Schwartzia	0	4.24E-05	0	0	0	0	0	0	0	0	0	0	0	0	0	0	0	0	0	0	0	0	0	0	0	0	0	7.88E-05	0	0	0	0	0	0	0	0	0	0	0	0	0	0	0	0	0	0	0	0	0	0
k__Bacteria|p__Firmicutes|c__Clostridia|o__Clostridiales|f__Veillonellaceae|g__Selenomonas	0	8.47E-05	0	0	0	0	0	7.66E-05	0	0	0	0	0	0	0	0	2.03E-05	0	0	0	0	0	0	0	0	2.62E-05	0	0	0	2.46E-05	0	4.36E-05	0	2.91E-05	6.19E-05	0	0	0.001716764	0	0	0	0	0	0	0	0	0	0	0	0
k__Bacteria|p__Firmicutes|c__Clostridia|o__Clostridiales|f__Veillonellaceae|g__Succiniclasticum	0	0	0	0	0	0	0	0	0	0	0	0	0	0	0	0	0	0	0	0	0	0	0	0	0	0	0	0	0	0	0	0	0	0	0	0	0	0	0	0	0	0	6.61E-05	0	0	0	0	0	0	0
k__Bacteria|p__Firmicutes|c__Clostridia|o__Clostridiales|f__Veillonellaceae|g__Veillonella	0.000572232	0.002118509	0.000849975	0	0.000265893	0.00021357	0.002741459	0.071365331	0.000278767	0.000373429	9.84E-05	0	0.000664502	0.000153677	0.001002167	0.000179078	0.000912252	0.000878735	0.000501289	0	0.000106025	0.000122773	0.01026178	0.000212026	0	0.004447526	0.002001597	0.001150966	0.000271698	0.00098268	0.011565836	0	0.00250409	0.019734676	0.045124051	0.000375446	0.000171202	0.038360787	0	0	0.000174119	0.000122853	0.000154335	0.00017924	0.001105614	0.000636789	0.002011529	0	0.001129944	0.000114572
k__Bacteria|p__Firmicutes|c__Clostridia|o__Clostridiales|f__[Mogibacteriaceae]|__	0	0	0	0	0	0	0	0	0	0	0	0	8.57E-05	0	0	0	0	9.15E-05	0	0	0	0	0	0	0	0	0	0	0	0	0	0	0	0	0	0	0	0	0	0	0	0	0	0	0	0	0	0	0	0
k__Bacteria|p__Firmicutes|c__Clostridia|o__Clostridiales|f__[Mogibacteriaceae]|g__	0.00389436	0.000847404	0.000438408	0.001612651	0.000676819	0.001363562	0	0	5.58E-05	0.001764637	0.001482162	0.000385299	0.003183177	0.000665932	0.003966322	0.001051107	0.011433553	0	0.000238709	0.000960938	0.002822912	0.003996944	0.004816754	0.002818693	0.002428217	9.16E-05	0.002061168	0.004398896	0.001143007	0	0.000923898	0.001237591	0.000987013	0.0001162	0.000111479	0.001822017	0.000260879	0.001006379	0.00088706	0.001360125	0.002504638	0.004520996	0.002359115	0.004028188	5.62E-05	0.000829755	0.002929542	0.016820016	3.74E-05	0.002318403
k__Bacteria|p__Firmicutes|c__Clostridia|o__Clostridiales|f__[Mogibacteriaceae]|g__Mogibacterium	0	0	0	4.89E-05	0	0	0	0	0	0	0	0.000319516	0.000525171	0.000230515	0	0	0	0	0.000222795	0.000360352	0.000649402	0.002223556	0	2.49E-05	0	0	0	0	0	0.001781108	0	0.00101099	0	0	0	0.000287106	0	0	0	0.000188631	0.000937565	0.001244912	0	0.002773506	0	0.000569251	0.000432006	0.008490718	0	0.000768308
k__Bacteria|p__Firmicutes|c__Clostridia|o__Clostridiales|f__[Tissierellaceae]|g__1-68	0	0	0	0	0	0	0	0	0	0.000556483	0	0	0	0	0	0	0	0	0	0	0	0	0	0	0	0	0	0	0	0	0	0	0	0	0	0	0	0	0	0	0	0	0	0	3.75E-05	0	0	0	0	0
k__Bacteria|p__Firmicutes|c__Clostridia|o__Clostridiales|f__[Tissierellaceae]|g__Anaerococcus	0	0	0	0	0	3.29E-05	0	0	0	0	0	0	0	0	0	0	3.04E-05	0	0	0	0	0	0	8.73E-05	0	5.23E-05	0	0	0	0	0	0	0	0	0	0	0	0	0	0	0	0	0	0	0	0	0	0	0	0
k__Bacteria|p__Firmicutes|c__Clostridia|o__Clostridiales|f__[Tissierellaceae]|g__Finegoldia	0	0	0	0	0	0	0	0	0	0	0	0	0	0	0	0	0	0	0	0	0	0	0	0.00023697	0	0	0	0	0	0	0	0	0	0	0	0	0	0	0	0	0	0	0	0	2.81E-05	0	0	0	0	0
k__Bacteria|p__Firmicutes|c__Clostridia|o__Clostridiales|f__[Tissierellaceae]|g__Parvimonas	0	0	0	0	0	0	0	0	0	8.79E-05	0	0	0	0	0	3.11E-05	0	0	0	0	0	0	0	0	0	0	0	0	0	0	0	0	0	0	0	0	0	0.000295994	0	0	0	0	0	0	0	0	0	0	0	0
k__Bacteria|p__Firmicutes|c__Clostridia|o__Clostridiales|f__[Tissierellaceae]|g__Peptoniphilus	0	2.12E-05	0	0	0	3.29E-05	0	0	0	0.000146443	0	0	0	0	0	4.67E-05	0	0	0	0	0	0	0	8.73E-05	0	0	0	0	0	0	0	0	0	0	0	0	0	0	0	0	0	0	6.61E-05	0	0.000552807	0	0	0	0	0
k__Bacteria|p__Firmicutes|c__Clostridia|o__Clostridiales|f__[Tissierellaceae]|g__WAL_1855D	0	9.53E-05	0	0	0	0.000131428	0	0.000255393	0	0.002233254	0	0	0	0	0	0	0	0	0	0	0	0	0	0	0	0	0	0	0	0	0	0	0	0	0	0	7.34E-05	0	0	0	0	0	0.000558544	0	0.000206131	0	0	0	0	0
k__Bacteria|p__Firmicutes|c__Clostridia|o__Clostridiales|f__[Tissierellaceae]|g__ph2	0	0	0	0	0	0	0	0	0	0	0	0	0	0	0	0	0	5.49E-05	0	0	0	0	0	0	0	0	0	0	0	0	0	0	0	0	0	0	4.08E-05	0	0	0	0	0	0	0	0	0	0	0	0	0
k__Bacteria|p__Firmicutes|c__Erysipelotrichi|o__Erysipelotrichales|f__Erysipelotrichaceae|__	0	0	0	0	0	0	0	0	0	0	0	0	0	0	0	0	0.000344628	0	0	0	0	0	0	0	0	0	0	0	0	0	0	0	0	0	0	0	0	0	0	0	0	0	0	2.83E-05	0	0	0	0.000104923	0	0
k__Bacteria|p__Firmicutes|c__Erysipelotrichi|o__Erysipelotrichales|f__Erysipelotrichaceae|g__	0.00174054	0.000338962	1.79E-05	3.91E-05	0.008780517	3.29E-05	0	0	0.000682979	0.000600416	1.97E-05	0.000864572	0	0	0.000550486	7.79E-05	0.001044021	0.000265451	0	9.61E-05	0.000516871	5.46E-05	0.000628272	0.007059205	8.76E-05	0.000183133	0	0.005029562	0.00016864	0	0.000855461	0	6.40E-05	0.000474484	4.95E-05	0.012478053	0.003652313	0.002560346	0	0	0.000334845	0.000876352	3.67E-05	0.000641491	0.000777678	0.001341116	0	0	0.000134695	0
k__Bacteria|p__Firmicutes|c__Erysipelotrichi|o__Erysipelotrichales|f__Erysipelotrichaceae|g__Allobaculum	0	4.24E-05	3.58E-05	0	0	7.39E-05	0	5.11E-05	0	0	0	0	0	0	0	0	0	0	0	0	0	0	0	0	0	0	0	0	0	0	0	2.61E-05	3.66E-05	0	0	0	4.08E-05	0.000133197	0	4.96E-05	0	0	0	0	0	0	0	0	3.74E-05	0
k__Bacteria|p__Firmicutes|c__Erysipelotrichi|o__Erysipelotrichales|f__Erysipelotrichaceae|g__Anaerorhabdus	0	0	0	0	0	0	0	0	0	0	0	0	0	0	0	0	0	0	0	0	0	0	0	0	0	0	0	0	0	0	0	0	0	0	0	0	0	0	0	0	4.69E-05	0	5.88E-05	0	0	0	0	0	0	0
k__Bacteria|p__Firmicutes|c__Erysipelotrichi|o__Erysipelotrichales|f__Erysipelotrichaceae|g__Bulleidia	0	0	0.000178942	0.00169084	0	0	0	0	0	0	0	0	0	0.000862297	0	0	0	0	0.000843439	0	7.95E-05	0	0	0	0	0	0	0	0	0	0	0.000549072	6.40E-05	0	0.000260117	0	1.63E-05	0.000251595	0	0.001191351	0.000154029	0.000163804	0	0.000877334	0	0	0	0.000225989	0	0.000808745
k__Bacteria|p__Firmicutes|c__Erysipelotrichi|o__Erysipelotrichales|f__Erysipelotrichaceae|g__Catenibacterium	0	0.002478656	0.001055758	0.008806052	0	0	0.027429656	0.006223077	0	0.000878657	0	0	0	0.000759846	0	0	0	0.001958846	0.009452879	0.002114063	0.008256686	0	0.01539267	0	0	0.001438905	0.002525824	0	0	0	0.00088968	0.002971962	0.00092304	0	0	0	0	0.000813983	0.001756378	0.004815043	0.002839482	0	0.003843666	0.014442987	0	0.002923441	0	0.003591606	0	0.004144819
k__Bacteria|p__Firmicutes|c__Erysipelotrichi|o__Erysipelotrichales|f__Erysipelotrichaceae|g__Clostridium	0	0.000158888	0	0	5.44E-05	0.000295712	0	0	0	0.000175731	0.00011149	8.46E-05	0.002454369	0	0.000183495	8.56E-05	0.000800754	0	0	0	0	0.000150056	0	0.000162137	0	0	0	0	3.75E-05	0.001351185	0	0	0	8.72E-05	0.008497145	0	7.34E-05	8.88E-05	0	0	0	0.000245706	0.000286621	0	0.000140544	7.72E-05	0.001633524	0	0.000516332	0
k__Bacteria|p__Firmicutes|c__Erysipelotrichi|o__Erysipelotrichales|f__Erysipelotrichaceae|g__Coprobacillus	0	9.53E-05	0	0	2.42E-05	0.003868901	0	0	0	2.93E-05	9.84E-05	0	0.000342969	0	9.88E-05	7.79E-05	0.002716482	0	0	0	0.000702415	0.000231905	0	0	0.000375498	0	0	0	0.000477814	0.000270237	0	0	0	0	0.001151945	0	0.000391319	0	0	0	2.01E-05	0	0.000132287	0	3.75E-05	9.65E-05	0.001957528	0	0	0
k__Bacteria|p__Firmicutes|c__Erysipelotrichi|o__Erysipelotrichales|f__Erysipelotrichaceae|g__Holdemania	3.18E-05	0.000116518	0	0.000273662	0	8.21E-05	0	0	4.88E-05	0.000117154	0	0.000310118	0.000685937	0	2.12E-05	0.000272509	0	0.000704818	0.000246666	0.000120117	0.000265062	0.000641148	0	8.73E-05	0.000413047	0	0	0	0.000543397	0.000822995	0	0	0	7.75E-05	0	0.000342318	0.000375014	0.000266394	0	0	0.000133938	5.73E-05	0.000360114	6.60E-05	0.000309197	0	0	0	0.000269391	0
k__Bacteria|p__Firmicutes|c__Erysipelotrichi|o__Erysipelotrichales|f__Erysipelotrichaceae|g__RFN20	0	0	0	0	0	0	0	0	0	0	0	0	0	0.003329662	0	0	0	0	0	0	0	0	0	0	0	0	0.000357428	0	0	0	0	0	0	0	0	0	0	7.40E-05	0	0.028374005	0	0	0	0	0	0	0.011191662	0.000597256	0	0
k__Bacteria|p__Firmicutes|c__Erysipelotrichi|o__Erysipelotrichales|f__Erysipelotrichaceae|g__[Eubacterium]	0	0.009310849	0.019263116	0	0.000235678	0.000353212	0	0.00035755	2.79E-05	0.002474885	0.002833158	0	0.003108153	0.000597632	0.000536371	0.003861846	0.023150917	0.001290641	0.00026258	0.000168164	0.013703714	0.000177339	0.003455497	0.01334514	0.003129146	0.00095491	0.009674383	0.000599133	0.00370072	0.000933546	0.000958117	0.001865103	0.001754691	6.78E-05	0.110561976	0.000253978	0.000758181	0.000251595	0.010006032	0.001926017	0.015951997	0.014594953	0.003130788	0.003764044	0.000655873	0.013604129	0.001660524	0.010104923	2.99E-05	0.002608203
k__Bacteria|p__Firmicutes|c__Erysipelotrichi|o__Erysipelotrichales|f__Erysipelotrichaceae|g__cc_115	7.95E-05	0	0	0.000605966	7.25E-05	0	0	0	0	0	0	0	0	0	6.35E-05	0	0.01217349	0	0	0	6.63E-05	0.000532016	0	0	0.000613313	0	0	0.000157667	0.000140534	0	0	0	0	0	0	0	0	0	0	0	0	0	0.000117588	0	0	0	0.000445506	0	0	0
k__Bacteria|p__Firmicutes|c__Erysipelotrichi|o__Erysipelotrichales|f__Erysipelotrichaceae|g__p-75-a5	0	0	0	0	0	0	0	0	0	0	0	0	0	6.83E-05	0	0	0	0	0	0	0	0	0	0	0	0	0	0	0	0	0	0	0	0	0	0	0	0	0	0.000158847	0	0	0	0	0	0	0	0.000153349	0	8.76E-05
k__Bacteria|p__Fusobacteria|c__Fusobacteriia|o__Fusobacteriales|f__Fusobacteriaceae|__	0	0	0	0.003469643	0	0	0	0	0	0	3.28E-05	0	0	0.000742771	0.002152541	0.000381513	0	0.015908758	0	0	0	0	0	0	2.50E-05	0	0	0	0	0	0.008759923	0	0	0	4.95E-05	0	0	0.000325593	0	0	0	0	0	0	0	0	0	0	0.13371497	0
k__Bacteria|p__Fusobacteria|c__Fusobacteriia|o__Fusobacteriales|f__Fusobacteriaceae|g__	0	0	0	0	0	0	0	0	0	0	0	0	0	0	0	0	0	0	0	0	0	0	0	0	0	0	0	0	0	0	0	0	0	0	0	0	0	0	0	0	0	0	0	0	0	0	0	0	0.008889887	0
k__Bacteria|p__Fusobacteria|c__Fusobacteriia|o__Fusobacteriales|f__Fusobacteriaceae|g__Fusobacterium	0	0.00062496	0.000268413	0	3.63E-05	0	9.04E-05	0.000817258	0	0.002247899	0	0	0	0	0	0	0.000293948	0.000137302	0	0	0.000874705	0	0	0	0	0.00013081	0	0.0001892	0	0.000171969	0.002395292	4.36E-05	9.14E-05	0.00144282	0.00028489	0	0	0.009042608	0	0	0	0	0	0	0.000702721	0.000279801	0	4.04E-05	0	2.02E-05
k__Bacteria|p__Fusobacteria|c__Fusobacteriia|o__Fusobacteriales|f__Leptotrichiaceae|g__Leptotrichia	0	0.000264814	0.000205783	3.91E-05	0	0	0	1.70E-05	0	6.59E-05	0	0	0	0	9.17E-05	0	5.07E-05	5.49E-05	0	0	3.98E-05	0	0.001570681	0	0	0	0	0.000268033	3.75E-05	0.000159686	0.001197646	0	0	3.87E-05	0	0	0	0.006659859	0	0	4.69E-05	0	0	0	4.68E-05	0	0	0	0	0
k__Bacteria|p__Fusobacteria|c__Fusobacteriia|o__Fusobacteriales|f__Leptotrichiaceae|g__Sneathia	0	0	0	0	0	0	0	0	0	0	0	0	0	0	0	7.01E-05	0	0	0	0	0	0	0	4.99E-05	0	0	0	0	0	0	0	0	0	1.94E-05	0	0	0	0	0	0	0	0	9.55E-05	0	0.003307473	0	0	6.46E-05	0	0
k__Bacteria|p__Lentisphaerae|c__[Lentisphaeria]|o__Victivallales|f__Victivallaceae|g__	0	2.12E-05	0	0	0.00045927	0	0	1.70E-05	0	0	0	0	0	0.000776921	0.001799665	0	0	0	0	0	0.00546028	0	0.036649215	0.000174609	0.000250332	0	0.00106037	0.00357903	0	0	0	0.001821525	0	0	7.43E-05	0	0	0	0	0.019726784	0.000924171	0	0	0	0	0	0	0.037974173	0	0
k__Bacteria|p__Lentisphaerae|c__[Lentisphaeria]|o__Victivallales|f__Victivallaceae|g__Victivallis	0.004665284	0	0.000393673	0.000811212	0.002942954	0	0	0	0	0	0	0.022093581	0	0.000136602	0	0	0.012507982	0	0	0	0.011132611	0	0.002617801	0	0.000375498	0	0.002192225	0.001261332	0	0	0	0.005917779	0.000721982	0	0	0	0	0	0	0.00047654	0	0.004250719	0	0.00025471	0	0	0.008127118	0.003640032	0	0.000181968
k__Bacteria|p__OD1|__|__|__|__	1.59E-05	5.30E-05	0	0	3.02E-05	0.000147856	0	0.00013621	0	0	0	2.82E-05	0	0	4.23E-05	0.000124576	0.000222995	2.75E-05	0.000214838	0	0	0	0	0.000374163	0.000250332	5.23E-05	0	0	0.000243592	0.000196536	0	9.59E-05	8.23E-05	0.000551951	0	6.63E-05	1.63E-05	0	8.87E-05	0.000377261	0	0	7.35E-05	0	0.000149914	8.68E-05	0	5.65E-05	6.73E-05	0.000114572
k__Bacteria|p__OD1|c__|o__|f__|g__	0.000190744	0.000127111	3.58E-05	0.001221705	0.000356539	0.000591424	0.000451889	0.001123729	0.000662072	0.00010251	0	0.000779995	0.000107178	0.000520793	0.000289358	0.000303653	0.000111497	0.000283758	0.000350107	7.21E-05	0.000954224	0.000341036	0.00052356	0.000785742	0.000463114	0.000327024	0.000321685	0.000126133	0.000281067	0.000638742	0.000102655	0.000148162	0.000502646	0.000716568	3.72E-05	0.000242936	0.000831553	0.000384792	0.000674165	0.000198558	0.000642902	0.000106473	0.00040421	0.000122638	0.000637134	0.000829755	0.000580508	0.000290557	0.000591162	0.000175228
k__Bacteria|p__Proteobacteria|__|__|__|__	0	0	0	0	0	1.64E-05	0	0	0	0	0	0	0	0	0	0	0	0	0	0	0	0	0	0	0	0	0	0	0	0	0	0	0	0	0	0	0	0	0	0	0	0	0	0	0	0	0	0	0	0
k__Bacteria|p__Proteobacteria|c__Alphaproteobacteria|__|__|__	0	0	0	0	0	0	0	0	0	0	0	0	0	0	0	0	0	0	0	0	0	0	0.04104712	0.000162137	0	0	0	0	0	0	0	0	0	0	0	0	0	0	0	0.022506602	0	0	0	0	0	0	0	0	0	0
k__Bacteria|p__Proteobacteria|c__Alphaproteobacteria|o__Caulobacterales|f__Caulobacteraceae|g__Brevundimonas	0	0	0.000134207	0	0	0	0	0	0	0	0	0	0	0	0	0	0	0	0	0	0	0	0	0	0	0	0	0	0	0	0	0	0	0	0	0	0	0	0	0	0	0	0	0	0	0	0	0	0	0
k__Bacteria|p__Proteobacteria|c__Alphaproteobacteria|o__RF32|f__|g__	0.029573289	0.000614368	9.84E-05	0	0	0	0	0	0	6.59E-05	0	0	0.023632681	0.011816032	7.76E-05	3.11E-05	6.08E-05	4.58E-05	0	0	0	0	0.001256545	0	0	0	0	0.000157667	0	0	0.000581714	0	0	0	0.000198184	0	0	0.002160754	0	0.0067907	0	0	0	0	6.56E-05	0	0	0	0	0
k__Bacteria|p__Proteobacteria|c__Alphaproteobacteria|o__Rhizobiales|f__Brucellaceae|g__Ochrobactrum	0	0	0	0	0	0	0	0	0	0	0	0	0	0	0	0	0	0	0	0	0	0	0	0	0	0	0	0	0	2.46E-05	0	0	0	0	0	0	0	0	0	0	0	0	0	0	0	0	0	0	0	0
k__Bacteria|p__Proteobacteria|c__Alphaproteobacteria|o__Rhizobiales|f__Phyllobacteriaceae|__	0	0	0	0	0	0	0	0	0	0	0	0	0	0	0	0	0	0	0	0	0	0	0	0	0	0	0	0	0	0	0	0	0	0	0	0	0	0.000207196	0	0	0	0	0	0	0	0	0	0	0	0
k__Bacteria|p__Proteobacteria|c__Alphaproteobacteria|o__Rhizobiales|f__Rhizobiaceae|g__Agrobacterium	0	0	0	0	0	0	0	0	0	0	0	0	0	0	0	0	0	0	0	0	0	0	0	0	0	0	0	0	0	0	0	0	0	0	0	0	0	0	0	0	0	0	0	0	0	0	0	0	0	1.35E-05
k__Bacteria|p__Proteobacteria|c__Alphaproteobacteria|o__Rhizobiales|f__Rhizobiaceae|g__Shinella	0	0	0	0	0	0	0	0	0	0	0	0	0	0	0	0	0	0	0	0	0	0	0	4.99E-05	0	0	0	0	0	0	0	0	0	0	0	0	0	0	0	0	0	0	0	0	0	0	0	0	0	0
k__Bacteria|p__Proteobacteria|c__Alphaproteobacteria|o__Rhodobacterales|f__Rhodobacteraceae|g__Paracoccus	0	0	0.001834156	0	0	0	0	0	0	0	0	0	0	0	0	0	0	0	0	0	0	0	0	0	0	0	0	0	0	0	0	0	0	0	0	0	0	0	0	0	0	0	0	0	0	0	0	0	0	0
k__Bacteria|p__Proteobacteria|c__Alphaproteobacteria|o__Rickettsiales|__|__	0	0	0	0	0	0	0	0	0	0	0	0	0	0	0	0	0	0	0	0	0	0	0	0	0	0	0	0	0	0	0	0	0	0	0	0	0	0	0	1.99E-05	0	0	0	0	0	0	0	0	0	0
k__Bacteria|p__Proteobacteria|c__Alphaproteobacteria|o__Rickettsiales|f__mitochondria|g__	0	0	0	0	0	0	0	0	0	0	0	0	0	0.000145139	0	0	0	0	0	0	0	0	0	0	0	2.62E-05	0	0	0	4.91E-05	0	0	0	0	6.19E-05	0	0	0	0	0	1.34E-05	0.000106473	0	0	0	0	0	0	0.000127212	0
k__Bacteria|p__Proteobacteria|c__Alphaproteobacteria|o__Rickettsiales|f__mitochondria|g__Raphanus	0	0	0	0	0	0	0	0	0	0.000124476	0	0	0	0	0	0	0	0	0	0	0	0	0	0	0	0	0	0	0	0	0	0	0	0	0	0	0	0	0	0	0	0	0	0	0	0	0	0	0	0
k__Bacteria|p__Proteobacteria|c__Alphaproteobacteria|o__Sphingomonadales|f__Sphingomonadaceae|g__Sphingomonas	0	0	0	0	0	0	0	0	0	0	0	0	0	0	0	0	0	0	0	0	0	0	0	0	0	0	0	0	0	0	0	0	0	0	6.19E-05	0	0	0	0	0	0	0	0	0	0	0	0	0	0	0
k__Bacteria|p__Proteobacteria|c__Betaproteobacteria|__|__|__	0	0	0	0	0	0	0	0	0	0	0	0	0	0.003688241	0	0	0	0	0	0	0	0	0	0	0	0	0	0	0	0	0	0	0	0	0	0	0	0	0	0	0	0	0	0	0	0	0	0	0	0
k__Bacteria|p__Proteobacteria|c__Betaproteobacteria|o__Burkholderiales|__|__	0	0	0	0	0	0	0	0	0	0	0	0	0	0.004644452	0	0	0	0	0	0	0	0	0	2.49E-05	0	0	0	0	0	0	0	0.007277386	0	0	0	0	0	0	0	0.00650279	0.001004534	0	0	0	0	0	0	0.01433414	0	0.014348488
k__Bacteria|p__Proteobacteria|c__Betaproteobacteria|o__Burkholderiales|f__Alcaligenaceae|g__Achromobacter	0	0	0.000107365	0	0	0	0	0	0	0	0	0	0	0	0	0	0	0	0	0	0	0	0	0	0	0	0	0	0	0	0	0	0	0	0	0	0	0	0	0	0	0	0	0	0	0	0	0	0	0
k__Bacteria|p__Proteobacteria|c__Betaproteobacteria|o__Burkholderiales|f__Alcaligenaceae|g__Sutterella	0.04306049	0.009882846	0.026563954	0.011738145	0.082916365	0	0.052419112	0.088859755	0.094049021	0.02078757	0.023865425	0.018748062	0.038294589	0.002288076	0.019090569	0.025592513	0.016106308	0.026517648	0.03556765	0.010041801	0.008495242	0.059831392	0.008900524	0.00881777	0.016797256	0	0.024138301	0.023303114	0.000374756	0	0.028743498	0.001708225	0.02140357	0.094470805	0.077217495	0.035523802	0.029495687	0.007207447	0.021378136	0	0.00217649	0.008632481	0.018542199	0.023121987	0.032962297	0.013063824	0.016348737	0	0.061825121	0.001887072
k__Bacteria|p__Proteobacteria|c__Betaproteobacteria|o__Burkholderiales|f__Comamonadaceae|__	0	0	0	0	0	0	0	0	0	0	0	0	0	0	0	0	0	0	0	0	0	0	0	0	0	0	0	0	0	0	0	0	0.000530063	0	0	0	0	7.40E-05	0	0	0	0	0	0	0	0	0	0	0	0
k__Bacteria|p__Proteobacteria|c__Betaproteobacteria|o__Burkholderiales|f__Oxalobacteraceae|__	0	0	0	0.000860081	0	0	0	0	0	0	0	0	0	0	0	0	0	0	0	0	0	0	0	0	0	0	0	0	0	0	0	0	0	0	0	0	0	0	0	0	0	0	0	0	0	0	0	0	0	0
k__Bacteria|p__Proteobacteria|c__Betaproteobacteria|o__Burkholderiales|f__Oxalobacteraceae|g__Oxalobacter	0	0.000328369	0.000116312	0	0.000193377	0.001708559	0	0	0.001129006	0	0.000642707	0	0	0.000443955	0	0	0	0	0	0.000576563	0	0	0	0.000374163	0.000388014	0	0.000476571	0	0	0	0	0.000296325	0.000219336	0.000455118	0	0	0	0	0.002004755	0.000208486	0.000147332	0.000556934	0.001535997	0	0	0.000897294	0.001525522	0.001904762	0	0
k__Bacteria|p__Proteobacteria|c__Betaproteobacteria|o__Burkholderiales|f__Oxalobacteraceae|g__Ralstonia	0	0	0	0	0	0	0	0	0	0	0	0	0	0	0	0	0	0	0	0	0	0	0	0	0	0	0	0	0	0	0	0	0	0	0	0	0	8.88E-05	0	0	0	0	0	0	0	0	0	0	0	0
k__Bacteria|p__Proteobacteria|c__Betaproteobacteria|o__Neisseriales|f__Neisseriaceae|g__Kingella	0	0	0	0	0	0	0	0	0	0	0	0	0	0	0	0	0	0	0	0	0	0	0	0	0	0	0	0	0	0	0	0	0	0	0	0	0	0.00045879	0	0	0	0	0	0	0	0	0	0	0	0
k__Bacteria|p__Proteobacteria|c__Betaproteobacteria|o__Neisseriales|f__Neisseriaceae|g__Neisseria	0	0.001218143	0.000474197	0	0.000102731	0.000106785	0	5.96E-05	4.18E-05	0.000263597	0	0	0.000257226	0	0.000571658	7.01E-05	0.000435854	0.00021053	0.000286451	7.21E-05	0	0	0.004293194	0.000149665	0	0	0	0.000788333	8.43E-05	0.000601892	0.005064331	9.59E-05	0.000173641	0	0.000904215	0	0.00013044	0.015125279	0	6.95E-05	4.02E-05	0	7.35E-05	0	0.000271719	7.72E-05	0	0	0	0
k__Bacteria|p__Proteobacteria|c__Deltaproteobacteria|o__Desulfovibrionales|f__Desulfovibrionaceae|__	0	0	0	0	0	0	0	0	0	0	0	0	0	0.00361994	0	0	0.000435854	0	0	0	0	0	0	0	0	0	0.000309771	0	0	0	0.000205311	0	0	0	0	0	0	0	0	0.000506324	0	0	0	0	0	0	0	0.00031477	0	0
k__Bacteria|p__Proteobacteria|c__Deltaproteobacteria|o__Desulfovibrionales|f__Desulfovibrionaceae|g__	0	0.000222443	0.000366831	0.001084874	0.001027314	0.000303926	0.000346448	0	0	0	0.004348111	0	0	0.000486643	0	0	0	0	0.000127311	0.000168164	0	0	0	0	0.001276692	0	0.000941227	0.001434765	0.005405861	3.69E-05	0	0.001124291	0.00046609	0.001016752	0	0	0	0.000192396	0	0.001181423	0.002631879	0	0	0.001084875	0	0.00028945	0	0.002606941	0	0.000835703
k__Bacteria|p__Proteobacteria|c__Deltaproteobacteria|o__Desulfovibrionales|f__Desulfovibrionaceae|g__Bilophila	0.013185189	0.001811326	0.002737814	0.001505141	0.021482959	0	0.000361511	7.66E-05	0.01183366	0.009562721	0.00093127	0.009303549	0.004962327	8.54E-05	0.017368536	0.003161107	0.000111497	0.003670548	0	0.002522462	0.003313277	0.009248902	0.00104712	0.00238217	5.01E-05	0	0.004896763	0.013606622	0.007841778	0.015538632	0.00133452	0.000444487	0.000347283	0.022116781	0.000148638	0	0.007663335	0.00377392	0.001295107	0.000119135	0.001238925	0.006601309	0.011582444	0	0.020041601	0.000521009	0.000810012	0.00362389	0.010955214	0.000303279
k__Bacteria|p__Proteobacteria|c__Deltaproteobacteria|o__Desulfovibrionales|f__Desulfovibrionaceae|g__Desulfovibrio	0	0.002277398	0.003292535	0.033855897	0.038572637	0.007639231	0	0	0	0.046971561	0.009096275	0.003392506	0.003472557	0.002902782	0	0.027990595	0.017505093	0	0.000366021	0	0.015082037	0.0130003	0.004502618	0.014829319	0.000112649	0	0.020432964	0.000346866	0.017051417	0	0.004003559	0.009848439	0	0.000948969	0	0.017303636	0	0.000266394	0	0.010483887	0.040435834	0.002113074	0.002880912	0.000141505	0	0.004997829	0.00486007	0.012485876	0	0.01254903
k__Bacteria|p__Proteobacteria|c__Epsilonproteobacteria|o__Campylobacterales|f__Campylobacteraceae|g__Campylobacter	0	0.000169481	0	0	0	0.008058157	6.03E-05	3.41E-05	3.48E-05	0.000395396	0	0	2.14E-05	0.030573129	0.000204668	0	0	5.49E-05	0	0	0	0	0	3.74E-05	0	0	4.77E-05	0	0	0	0.000307966	0	5.48E-05	1.94E-05	0	0	0	0.000843582	0	0.090125688	0	2.46E-05	0.00019843	5.66E-05	6.56E-05	0	0	0	0	0
k__Bacteria|p__Proteobacteria|c__Epsilonproteobacteria|o__Campylobacterales|f__Helicobacteraceae|g__Helicobacter	0	0	0	0	0	0	0	0	0	0	0	0	0	0	0	0	0	0	0	0	0	0.000532016	0	0	0	0	0.000357428	0	0	0	0	0	0	0	0	0	0	0	0	0	0	0	0	0	0	0	0	0	0	0
k__Bacteria|p__Proteobacteria|c__Gammaproteobacteria|o__Aeromonadales|f__Succinivibrionaceae|g__Succinivibrio	0	0	0.428897359	0	0	0	0	0	0	0	6.56E-05	0	0	0.118851864	0	0	0	5.49E-05	0	0	0	0	0.00617801	3.74E-05	0	0	0	0	0	0	0	0.128970969	0	0	0	0	0	0	0	0.006115601	0	0	0	0	0	0	0	4.04E-05	0	0.15387052
k__Bacteria|p__Proteobacteria|c__Gammaproteobacteria|o__Cardiobacteriales|f__Cardiobacteriaceae|g__Cardiobacterium	0	0	0	0	0	0	3.01E-05	0	0	0	0	0	0	1.71E-05	0	0	0	0	0	0	0	0	0	0	0	0	0	0	0	0	0	0	0	0	0	0	0	0	0	0	0	0	0	0	0	0	0	0	0	0
k__Bacteria|p__Proteobacteria|c__Gammaproteobacteria|o__Enterobacteriales|f__Enterobacteriaceae|__	0.000373541	0.001175773	0.011022833	0.001837445	0.012732657	0.000632495	0.003524733	0.024364497	0.003442773	0.007651642	0.1767117	0.230681039	0.002175707	0.000204902	0.010007552	0	7.10E-05	0.000732279	0.016415226	0	0.004108463	0	0.001675393	0.028436374	5.01E-05	0.003989692	0.0001668	0.059913283	0.005087318	0.017479425	0.003011224	6.10E-05	0.005986054	0.000377651	0.293498322	0.000209808	0.008462278	0.003744321	0	0.000248198	0.045692894	0.004619278	0.003365964	0.000103771	0.011749494	0.002132278	0.000891013	0	0	0.04991306
k__Bacteria|p__Proteobacteria|c__Gammaproteobacteria|o__Enterobacteriales|f__Enterobacteriaceae|g__Providencia	0	0	0	0	0	0	0	0	0	0	0	0	0	0	0	0	0	0	0	0	0	0	0	0	0	0	0	0	0	0	0.000821243	0	0	0	0	0	0	0	0	0	0	0	0	0	0	0	0	0	0	0
k__Bacteria|p__Proteobacteria|c__Gammaproteobacteria|o__Pasteurellales|f__Pasteurellaceae|__	0	0	0	0	0	0	0	0	0	0	0	0	0	0	0	0	0	0	0	0	0	0	0	0	0	0	0.000119143	0	0	0	0	0	0	0	0	0	0	0	0	0	0	0	0	0	0	0	0	0	0	0
k__Bacteria|p__Proteobacteria|c__Gammaproteobacteria|o__Pasteurellales|f__Pasteurellaceae|g__Aggregatibacter	0	0.000127111	0.00027736	0	0	0	0	0	0	0	0	0	0	0	0	0	0	0	0	0	0	0	0	0	0	0	0	0	0	0	0.000752806	0	0	0	0.000235344	0	0	0.003418728	0	0	0	0	0	0	0	0	0	0	0	0
k__Bacteria|p__Proteobacteria|c__Gammaproteobacteria|o__Pasteurellales|f__Pasteurellaceae|g__Haemophilus	0.000270221	0.000752071	0.002630449	0	0.000187334	0.000131428	0.000512141	0.00024688	0.00042512	0.000117154	4.59E-05	0.000122168	0.000139331	0.000315891	0.009958149	0.000358155	0.000354764	0.000659051	0.00175849	9.61E-05	0	0	0.004397906	0.000212026	0	0.000667129	0.001143769	0.000693733	0.000758882	0.001535438	0.004551054	0.000261463	0.005766718	0.001926988	0.00131297	0.000143553	0.000244575	0.018351611	0	7.94E-05	7.37E-05	9.83E-05	0.001837317	6.60E-05	0.000384154	0.003367263	0	4.84E-05	8.98E-05	0
k__Bacteria|p__Proteobacteria|c__Gammaproteobacteria|o__Pseudomonadales|f__Moraxellaceae|g__Acinetobacter	0	0	9.84E-05	0	0	0	0	0	0	0	0	0	0	0	0	0	0	0	0	0	0	0	0	0	0	0	0	0	0	0	0	0	0	0	0	0	0	0	0	0	0	0	0	0	0	0	0	0	0	0
k__Bacteria|p__Proteobacteria|c__Gammaproteobacteria|o__Pseudomonadales|f__Pseudomonadaceae|__	0	0	0	0	0	0	0	0	0	0	0	0	0	0	0	0	0	0	0	0	0	0	0	0	0	0	0	0	0	0	0	0	0	0	0	0	0	0	0	0	0	0	0	0	0	6.75E-05	0	0	0	0
k__Bacteria|p__Proteobacteria|c__Gammaproteobacteria|o__Pseudomonadales|f__Pseudomonadaceae|g__Pseudomonas	0	0.000466072	0.000492091	0	0	0	0	0	0	0	0	0	0	0	0	0	0	0	0	0	0	0	0	0	0	0	0	0	0	0	0	0	0	0	0	0	0	0	0	0	0	2.46E-05	0	0	0	0	0	0	0	0
k__Bacteria|p__Proteobacteria|c__Gammaproteobacteria|o__Xanthomonadales|f__Xanthomonadaceae|g__Ignatzschineria	0	0	0	0	0	0	0	0	0	0	0	0	0	0	0	0	0	0	0	0	0	0	0	0	0	0	0	0	0	0	0	0	0	0	4.95E-05	0	0	0	0	0	0	0	0	0	0	0	0	0	0	0
k__Bacteria|p__Proteobacteria|c__Gammaproteobacteria|o__Xanthomonadales|f__Xanthomonadaceae|g__Pseudoxanthomonas	0	0	1.79E-05	0	0	0	0	0	0	0	0	0	0	0	0	0	0	0	0	0	0	0	0	0	0	0	0	0	0	0	0	0	0	0	0	0	0	0	0	0	0	0	0	0	0	0	0	0	0	0
k__Bacteria|p__Spirochaetes|c__Spirochaetes|__|__|__	0	0	0	0	0	0	0	0	0	0	0	0	0	0	0	0	0	0	0	0	0	0	0	0	0	0	0	0	0	0	0	0	0	0	0	0	0	0	0	0.000506324	0	0	0	0	0	0	0	0	0	0
k__Bacteria|p__Spirochaetes|c__Spirochaetes|o__Spirochaetales|f__Spirochaetaceae|g__Treponema	0	0	0	0	0	0	0	0	0	0	0	0	0	0	0	0	0	0	0	0	0	0	0	0	0	0	0	0	0	0	0	0	0	0	0	0	0	7.40E-05	0	0	0	0	0	0	0	0	0	0	0	0
k__Bacteria|p__Spirochaetes|c__[Brachyspirae]|o__[Brachyspirales]|f__Brachyspiraceae|g__Brachyspira	0	0	0	0	0	0	0	0	0	0	0	0	0	4.27E-05	0	0	0	0	0	0	0	0.001896161	0	0	0	0	0	0	0	0	0	0.000854112	0	0	0	0	0	0	0	0	0	0	0	0	0	0	0	0.004665052	0	0
k__Bacteria|p__Synergistetes|c__Synergistia|o__Synergistales|f__Dethiosulfovibrionaceae|g__Pyramidobacter	0	0	0.000313149	0	0	0	0	0	4.18E-05	0	0	0.001005535	0	0	0	0	0	4.58E-05	0	0	0.000371087	0	0	0	0.049615741	0	0	0	0.000477814	0	0	0	0	0	0	0	8.97E-05	0	0	0	0.06627914	0.000540554	0	0	0	7.72E-05	0	0	0	0
k__Bacteria|p__Synergistetes|c__Synergistia|o__Synergistales|f__Dethiosulfovibrionaceae|g__TG5	0	0	0	0	0	0	0	0	0	0	0	0	0	0	0	0	0	0	0	0	0	0	0	0	0	0	2.38E-05	0	0	0	0	0	0	0	0	0	0	0	0	0	0	0	0	0	0	0	0	0	0	0
k__Bacteria|p__Synergistetes|c__Synergistia|o__Synergistales|f__Synergistaceae|g__	0	0	0	0	0	0	0	0	0	0	0	0	0	0	0	0	0	0	0	0	0	0	0	0	0	0	0	0	0	0	0	0	0	0	0	0	0	0	0	0.001667891	0	0	0	0	0	0	0	0	0	0
k__Bacteria|p__Synergistetes|c__Synergistia|o__Synergistales|f__Synergistaceae|g__Cloacibacillus	0	3.18E-05	0	0	0	0	0	0	0	0	0	0	0	0	0	0	0	0	0	0	0	0	0	0	0	0	0	0.010800158	0	0	0	0	0	0	0	0	0	0.00045879	0	0	0	0	0	0	0	0	0	0.001702986	0	0
k__Bacteria|p__Synergistetes|c__Synergistia|o__Synergistales|f__Synergistaceae|g__Synergistes	0.003703615	0	0	0.001241253	0	0	0	0	0	0	0	0	0	3.42E-05	0	0	0	0	0	0	0	0	0	0	0	0	0.000488485	0	0	0	0	0.000819251	0	0	0	0	0	0	0	0	0	0	0	0	0	0.000154373	0	0.006545601	0	0
k__Bacteria|p__TM7|c__TM7-3|o__|f__|g__	9.54E-05	0	0.000152101	3.91E-05	2.42E-05	0.000205356	0	0.000272419	0	0.000212342	0	0	6.43E-05	0	0.000148208	0	0	0	0.000159139	0	6.63E-05	0.000136414	0	8.73E-05	0	0	2.38E-05	0	0.000121796	0	0.000787024	0.000226601	8.23E-05	0.000222717	0.000408755	0	0	0.001642765	0	0	0	0	0.000139636	0.000141505	0.000140544	8.68E-05	0	0	0.000142178	2.70E-05
k__Bacteria|p__TM7|c__TM7-3|o__CW040|f__|g__	0	2.12E-05	0	0	0	0	0	1.70E-05	0	5.86E-05	0	0	0	0	4.94E-05	0	0	0	0	0	0	0	0	0	0	0	0	0	0	0	0	0	0	0	0	0	0	0	0	0	0	0	5.14E-05	0	0	0	0	0	0	0
k__Bacteria|p__TM7|c__TM7-3|o__CW040|f__F16|g__	0	0	0	0	0	0	0	0	0	0	0	0	0	0	0	0	0	0	0	0	0	0	0	0	0	0	0	0	0	0	6.84E-05	0	0	0	0	0	0	0.000340393	0	0	0	0	0	0	0	0	0	0	0	0
k__Bacteria|p__TM7|c__TM7-3|o__I025|f__Rs-045|g__	0	0	0	0	0	0	0	0	0	0	0	0	0	0	0	0	0	2.75E-05	0	0	0	0	0	0	0	0	0	0	0	0	0	0	0	0	0	0	0	0	0	0	0	0	0	0	0.000131175	0	0	0	0	0
k__Bacteria|p__Tenericutes|c__Mollicutes|o__Anaeroplasmatales|f__Anaeroplasmataceae|g__Anaeroplasma	0	0	0	0	0	0	0	0	0	0	0	0	0	0	0	1.56E-05	0	0	0	0	0	0	0	0	0	0	0	0	0	0	0	0	0	0	0	0	0	0	0	0	0	0	0	0	0	0	0	0	0	0
k__Bacteria|p__Tenericutes|c__Mollicutes|o__Mycoplasmatales|f__Mycoplasmataceae|g__Mycoplasma	0	0	0	0	0	0	0	0	0	5.86E-05	0	0	0	0	0	0	0	0	0	0	0	0	0	0	0	0	0	0	0	0	0	0	0	0	0	0	0	0	0	0	0	0	0	0	9.37E-05	0	0	0	0	0
k__Bacteria|p__Tenericutes|c__Mollicutes|o__RF39|f__|g__	0	0	0	2.93E-05	0	0	0	0	0	0	0	0.000507466	0	0.003022309	0	0	3.04E-05	0	0	0	0	0	0.009319372	0	0	0	0.033955655	0.000614899	0.094841478	0	0	0	0.012191444	0	2.48E-05	0	0	0.001257973	0	0.010811508	0	0	0	0.000896201	0	0.001543731	0.00209253	0.000169492	0	0.000161749
k__Bacteria|p__Tenericutes|c__RF3|o__ML615J-28|f__|g__	0	5.30E-05	0	0	0	0	0	0	0	0	0	0	0	4.27E-05	0.001453847	0	0.00408486	0	0	0	0	0	0.001256545	0	0.002728615	0	0	0.000110367	0.000590241	0	0	0	0	0	6.19E-05	0	0	0.000414391	0	0.004139944	0	0	0	0	0	0	0	0.003680387	0	0
k__Bacteria|p__Verrucomicrobia|c__Opitutae|o__[Cerasicoccales]|f__[Cerasicoccaceae]|g__	0	0.000402517	0	0.005873959	0	0	0	0	0	0	0	0	0	0	0	0	0	0	0	0	0	0	0.000209424	0	0	0	0.000571885	0	0	0	0	0.000165593	0	0	0	0	0	0	0	0.011983003	0	0	0	0	0	0	0	0.023809524	0	0
k__Bacteria|p__Verrucomicrobia|c__Verruco-5|o__WCHB1-41|f__RFP12|g__	0	0	0	0	0	0	0	0	0	0	0	0	0	0.014735889	0	0	0	0	0	0	0	0	0.014450262	0	0	0	0	0	0	0	0	0	0	0	0	0	0	0	0	0.023717809	0	0	0	0	0	0	0	0	0	0
k__Bacteria|p__Verrucomicrobia|c__Verrucomicrobiae|o__Verrucomicrobiales|f__Verrucomicrobiaceae|g__Akkermansia	0.084324805	0.022159608	0.000858922	5.86E-05	0.000713077	0.000164285	4.52E-05	0.000332011	0.000202106	0.000388074	7.21E-05	0.000103373	0.000610913	0.000136602	0.000762211	0.000295867	0.000770346	0.000256298	0.00044559	0	0	2.73E-05	0.006282723	0.143553798	0.050416802	0.000222376	5.96E-05	0.048214426	0.000121796	0.000687876	0.009410074	0.000235317	0.000210197	0.000164617	0.001473995	0.000187723	8.15E-05	0.026698634	0.039669304	0.000228342	0.02426284	0.002842003	0.000117588	0.000150939	0.000777678	0.000241208	0	0.000161421	9.73E-05	4.04E-05